time(ps),viscosity(Pa.s)
0.0,0.0
0.2,0.0001725870334661761
0.4,0.0002850306815458925
0.6,0.00025148311854178635
0.8,0.0001572507024600268
1.0,0.00021760581119592958
1.2,0.0002970203955362445
1.4000000000000001,0.00027388179862128647
1.6,0.00030729649958106546
1.8,0.000351463948553621
2.0,0.0003018222636358753
2.2,0.0002877534619591011
2.4,0.0003391683157634139
2.6,0.0003559016900544575
2.8000000000000003,0.00035596135234221206
3.0,0.0003758310544735923
3.2,0.00038447385909648035
3.4,0.00037666569033425383
3.6,0.0003778108031835055
3.8000000000000003,0.00039355794040161216
4.0,0.00040287235603633353
4.2,0.0004054915639362368
4.4,0.00041210146417690097
4.6000000000000005,0.00041774622497039424
4.8,0.0004197731661666877
5.0,0.00042636418626604923
5.2,0.0004340202002731703
5.4,0.00043709922573824237
5.6000000000000005,0.0004402676744927225
5.8,0.00044477852115742337
6.0,0.00044556207605225026
6.2,0.00044907820851495904
6.4,0.0004569564118140337
6.6000000000000005,0.0004609754935328551
6.8,0.0004631107754175379
7.0,0.0004644863842488153
7.2,0.0004655303096650949
7.4,0.00046960419902609225
7.6000000000000005,0.00047183755708865506
7.8,0.00047658048777921784
8.0,0.0004830765482917784
8.2,0.0004880759449283535
8.4,0.0004888659632726282
8.6,0.0004874705109277987
8.8,0.0004915474884219125
9.0,0.0004963331340029484
9.200000000000001,0.0004997167766940351
9.4,0.0005013665151067557
9.6,0.0005022780738167202
9.8,0.0005032387038903369
10.0,0.0005046044431257943
10.200000000000001,0.000505807000816421
10.4,0.0005107805450835846
10.6,0.0005150736230593853
10.8,0.000518022987745496
11.0,0.0005203798922476425
11.200000000000001,0.0005216064830294609
11.4,0.000523347411270785
11.6,0.0005259317972191478
11.8,0.0005276889386425391
12.0,0.0005287035779532738
12.200000000000001,0.0005313690319566381
12.4,0.0005351209559799547
12.6,0.0005381868849659023
12.8,0.0005401836024730004
13.0,0.0005456851243756243
13.200000000000001,0.0005508228545518527
13.4,0.0005498452589024284
13.6,0.0005496649644719335
13.8,0.0005533668794936349
14.0,0.0005533403648470699
14.200000000000001,0.0005541872845324164
14.4,0.0005596573809538416
14.6,0.000562880325675581
14.8,0.0005628332036104853
15.0,0.0005640979238913017
15.200000000000001,0.0005653345189915405
15.4,0.0005681497148991321
15.6,0.0005702166393293104
15.8,0.0005734008949778313
16.0,0.0005753853273798465
16.2,0.000574500327885255
16.4,0.0005746286535185347
16.6,0.0005760259140569449
16.8,0.0005758210630147115
17.0,0.0005782136562325552
17.2,0.0005776657846673683
17.400000000000002,0.0005749335366928842
17.6,0.000572357888644483
17.8,0.0005739899150257542
18.0,0.0005767209925195078
18.2,0.00057560314350141
18.400000000000002,0.0005763615396453595
18.6,0.0005750913191969102
18.8,0.0005716534520046567
19.0,0.0005727784568097051
19.2,0.0005745691931084083
19.400000000000002,0.0005763455900339109
19.6,0.0005757465809327815
19.8,0.0005755277243683091
20.0,0.0005753949778978175
20.2,0.0005752522987215538
20.400000000000002,0.0005766632201935412
20.6,0.0005791776780428617
20.8,0.0005800216618944394
21.0,0.0005818300069773759
21.2,0.0005812737951548251
21.400000000000002,0.0005780185163363995
21.6,0.0005790264253788625
21.8,0.0005823337700979995
22.0,0.0005843366064792332
22.2,0.0005862797353792256
22.400000000000002,0.0005848623291023924
22.6,0.0005832720751684567
22.8,0.0005856993336112691
23.0,0.0005891277449942571
23.2,0.0005894363140447805
23.400000000000002,0.0005880248556588074
23.6,0.000584571050091443
23.8,0.000584644859478177
24.0,0.0005840863138489915
24.2,0.0005852898247556811
24.400000000000002,0.0005904957870113865
24.6,0.0005918341708524791
24.8,0.0005913796052169125
25.0,0.0005915959977211518
25.2,0.0005940136747320867
25.400000000000002,0.0005942340071259237
25.6,0.0005937808704374093
25.8,0.0005936110301679458
26.0,0.0005954333943060147
26.2,0.0005954574534808705
26.400000000000002,0.0005949027202453738
26.6,0.0005962268863384444
26.8,0.0005964448741586243
27.0,0.0005973470532389625
27.2,0.0005991374361339258
27.400000000000002,0.0005980440799200596
27.6,0.000596930664815394
27.8,0.0005982621965072
28.0,0.000599570898721599
28.2,0.0005977036096106621
28.400000000000002,0.0005994734358020742
28.6,0.0006024241520731318
28.8,0.0006021473920131972
29.0,0.0006056650674289959
29.2,0.0006093087467177375
29.400000000000002,0.0006071394675532688
29.6,0.0006049743341005412
29.8,0.00060586937908859
30.0,0.0006056771958402377
30.2,0.0006061442506719685
30.400000000000002,0.0006120079076015589
30.6,0.000609095054300687
30.8,0.0006047242266337968
31.0,0.00060665804967988
31.2,0.0006098992440380077
31.400000000000002,0.0006069802245679166
31.6,0.0006072294955508797
31.8,0.0006102686165055458
32.0,0.0006060631013884186
32.2,0.0006024377826295054
32.4,0.0006048707199025385
32.6,0.0006044313377486688
32.8,0.000606258671875311
33.0,0.0006092906171964795
33.2,0.0006096861249025039
33.4,0.0006057823615903299
33.6,0.0006048758615098838
33.8,0.0006061123919547118
34.0,0.0006054310906187033
34.2,0.0006072362391447452
34.4,0.000611059714299307
34.6,0.0006085226180374177
34.800000000000004,0.0006065642400383622
35.0,0.0006071516990784365
35.2,0.000605843852183085
35.4,0.000607333349163139
35.6,0.0006076213844321945
35.800000000000004,0.0006055896452116572
36.0,0.0006058740146881342
36.2,0.0006053406383711852
36.4,0.0006053498622498762
36.6,0.0006072213945189654
36.800000000000004,0.0006076697256073221
37.0,0.0006063295136027
37.2,0.0006032222769153427
37.4,0.0006011812943647766
37.6,0.0006018031070965242
37.800000000000004,0.0006011851722536965
38.0,0.0006015137649002388
38.2,0.000601043556625914
38.4,0.0005953434030257341
38.6,0.0005915614386939002
38.800000000000004,0.0005914850383712201
39.0,0.0005925061074949048
39.2,0.000594743955711668
39.4,0.0005968150946731755
39.6,0.0005947368616595211
39.800000000000004,0.0005924946700902304
40.0,0.0005889870096210878
40.2,0.0005884218735209882
40.4,0.0005920238747937534
40.6,0.0005949015613216648
40.800000000000004,0.0005937252640745639
41.0,0.0005921586719176822
41.2,0.0005921270557431049
41.4,0.0005939646633160003
41.6,0.000595910940278462
41.800000000000004,0.0005966239429303124
42.0,0.0005949304507776598
42.2,0.0005948744508059006
42.4,0.0005951660307547984
42.6,0.0005968494028267306
42.800000000000004,0.0005974933442397166
43.0,0.000598812947700559
43.2,0.0006014063431862051
43.4,0.0006026263767774331
43.6,0.0006069936432269644
43.800000000000004,0.0006107049622802777
44.0,0.0006068097429430763
44.2,0.000604842066935794
44.4,0.0006051042299354171
44.6,0.0006058432931551095
44.800000000000004,0.0006063617028929287
45.0,0.0006056666292328115
45.2,0.0006069481538127608
45.4,0.0006069172932665117
45.6,0.0006042067811925272
45.800000000000004,0.0006037260349426633
46.0,0.0006056468439348811
46.2,0.0006062755166795256
46.4,0.0006086489118830725
46.6,0.000608971237662887
46.800000000000004,0.0006062101472468151
47.0,0.0006044426346637394
47.2,0.0006007277201699189
47.4,0.0005969271391963696
47.6,0.0005989369857560307
47.800000000000004,0.0005972215092088959
48.0,0.0005934224971317076
48.2,0.0005914810924743176
48.4,0.0005894077478205416
48.6,0.0005862908421648142
48.800000000000004,0.0005860247274028675
49.0,0.0005869605337651488
49.2,0.0005826952309033924
49.4,0.0005806188703082307
49.6,0.000578771574359614
49.800000000000004,0.0005772151171822608
50.0,0.0005754068812180735
50.2,0.000579578276074737
50.4,0.0005774079975669969
50.6,0.0005719246986326629
50.800000000000004,0.0005704090580390405
51.0,0.0005684100324279172
51.2,0.0005640369206469403
51.4,0.0005645884916457172
51.6,0.0005641500420008928
51.800000000000004,0.000559259134785202
52.0,0.0005592560098520351
52.2,0.0005602237293066246
52.4,0.0005578728844739514
52.6,0.0005569404381450705
52.800000000000004,0.0005598807513529396
53.0,0.0005592331948184492
53.2,0.0005577116841092712
53.4,0.0005576084434540062
53.6,0.0005547095975875391
53.800000000000004,0.000553891500387039
54.0,0.0005544755003926671
54.2,0.000557602470008027
54.4,0.0005610397737480158
54.6,0.0005636226260385086
54.800000000000004,0.0005617583404974125
55.0,0.000558100335962081
55.2,0.0005601843965271728
55.4,0.0005602838206921284
55.6,0.0005577922870357807
55.800000000000004,0.0005590759824878376
56.0,0.000561048783450654
56.2,0.000558320847482712
56.4,0.0005549091385007207
56.6,0.0005536079789302566
56.800000000000004,0.0005538868351455473
57.0,0.0005535533877681876
57.2,0.0005539806959983346
57.4,0.0005501787283828833
57.6,0.0005470847263188676
57.800000000000004,0.000548966370338657
58.0,0.0005489248245278025
58.2,0.0005463057275512728
58.4,0.0005478697295129914
58.6,0.0005468398739074382
58.800000000000004,0.0005439686472116435
59.0,0.0005447139271501327
59.2,0.0005495091402567088
59.4,0.000550475400626613
59.6,0.000548033891132304
59.800000000000004,0.0005482175225561562
60.0,0.0005441935056685187
60.2,0.000542821008283567
60.4,0.0005438133858085997
60.6,0.0005411853634889419
60.800000000000004,0.0005371640262729477
61.0,0.0005375777569499717
61.2,0.0005372817343426872
61.4,0.0005342720399384494
61.6,0.0005359888514287735
61.800000000000004,0.0005347874122043624
62.0,0.0005314772702667968
62.2,0.0005311785351422059
62.4,0.0005317694743582138
62.6,0.0005284998092488445
62.800000000000004,0.0005279919736157717
63.0,0.0005292623489537641
63.2,0.0005299294815680377
63.4,0.0005277081400213896
63.6,0.0005284125179687567
63.800000000000004,0.0005288505981112523
64.0,0.0005254764075702588
64.2,0.0005232240318391568
64.4,0.0005239951675425516
64.6,0.0005220353482203453
64.8,0.0005197662399745516
65.0,0.0005203649557053498
65.2,0.0005184795930782178
65.4,0.0005146175945627826
65.6,0.0005127052386069258
65.8,0.0005116868705914962
66.0,0.0005118743155895215
66.2,0.0005114775583126001
66.4,0.0005103939406395734
66.6,0.0005097304208854529
66.8,0.0005091349859304122
67.0,0.0005066366391801666
67.2,0.0005038098547212447
67.4,0.0005048911993757464
67.6,0.0005062674085899353
67.8,0.0005039894977235734
68.0,0.0005055821465256527
68.2,0.0005073840354485854
68.4,0.0005044967702827605
68.60000000000001,0.000505034619847861
68.8,0.0005092033512074761
69.0,0.0005096584026856129
69.2,0.0005098584885482305
69.4,0.0005095648049027446
69.60000000000001,0.0005037833188393903
69.8,0.0004989981700772888
70.0,0.0004993862145571928
70.2,0.0004999422216652879
70.4,0.0004989748391949238
70.60000000000001,0.0005013320205322132
70.8,0.0005030437756960176
71.0,0.0004980725144458066
71.2,0.0004982501549864788
71.4,0.0005027593161668344
71.60000000000001,0.000501498382421161
71.8,0.000500495695398066
72.0,0.0005029473982392076
72.2,0.0005019055057606965
72.4,0.0005005926694907495
72.60000000000001,0.0005000873786318528
72.8,0.0004984964686629992
73.0,0.0004981542575143275
73.2,0.0004980899415234663
73.4,0.0004958064963254407
73.60000000000001,0.0004963058187702369
73.8,0.0004965899503306135
74.0,0.0004966194470619563
74.2,0.000495155518626779
74.4,0.0004936721323724413
74.60000000000001,0.0004950533681861362
74.8,0.0004977760721921127
75.0,0.0004973028431043722
75.2,0.0004991925834777109
75.4,0.0004996403872392763
75.60000000000001,0.000496644092874331
75.8,0.0004950367246123803
76.0,0.0004956717296995203
76.2,0.0004968990738967463
76.4,0.0004974578749177967
76.60000000000001,0.0005009384369744892
76.8,0.0005046963947794219
77.0,0.0005038221333640613
77.2,0.0005027768260612029
77.4,0.0005021159268186255
77.60000000000001,0.0005006995172674925
77.8,0.0004998067124694811
78.0,0.0005010433083571857
78.2,0.0005018054587876738
78.4,0.0004983863671079546
78.60000000000001,0.0004980966610520619
78.8,0.0004984742172683346
79.0,0.0004997900756356464
79.2,0.0004989660609773457
79.4,0.0004964751155065185
79.60000000000001,0.0004986815714004637
79.8,0.0004998606788225096
80.0,0.000497987378705799
80.2,0.0005009690212341309
80.4,0.0005020601551930827
80.60000000000001,0.0005018582447575919
80.8,0.0004986854249979529
81.0,0.000495295968634141
81.2,0.0004941184849876377
81.4,0.0004923870185847268
81.60000000000001,0.0004930169891139951
81.8,0.0004945718000928463
82.0,0.0004952951548659109
82.2,0.0004936476166593967
82.4,0.000497232158533219
82.60000000000001,0.000496516811346408
82.8,0.0004981575395638106
83.0,0.0005012871504722553
83.2,0.0004987082487793184
83.4,0.0004984824135506906
83.60000000000001,0.0005002002641166688
83.8,0.0005016184408165315
84.0,0.0005008003387195579
84.2,0.0005040941989511945
84.4,0.0005058413996511189
84.60000000000001,0.0005048668160151031
84.8,0.0005060111057966955
85.0,0.0005074736145800556
85.2,0.0005069993369403603
85.4,0.0005101384163277027
85.60000000000001,0.000511125592115568
85.8,0.0005105325484765654
86.0,0.0005109168832844097
86.2,0.0005087231135971828
86.4,0.0005081939797110764
86.60000000000001,0.0005134412477108685
86.8,0.000515138408436436
87.0,0.000511442748777583
87.2,0.0005113736616370095
87.4,0.0005111235376169878
87.60000000000001,0.0005093145536451012
87.8,0.0005112769745585905
88.0,0.0005131733841944775
88.2,0.0005115765155104752
88.4,0.0005091129543425783
88.60000000000001,0.0005085818110762403
88.8,0.0005059569388140013
89.0,0.0005054747102626757
89.2,0.0005119794586673273
89.4,0.0005136536624764127
89.60000000000001,0.0005131140197786408
89.8,0.0005132355627349103
90.0,0.0005110286924653831
90.2,0.0005101209499985934
90.4,0.0005139283223361843
90.60000000000001,0.0005183132126644675
90.8,0.0005179366711913428
91.0,0.0005198218669288385
91.2,0.0005218140064496918
91.4,0.0005211417120791507
91.60000000000001,0.0005216530074792122
91.8,0.0005237310876072587
92.0,0.0005244097526823804
92.2,0.0005257274315844268
92.4,0.00052407044920338
92.60000000000001,0.0005193061549266738
92.8,0.0005199503678854746
93.0,0.0005219289978752441
93.2,0.0005232731045493905
93.4,0.0005254555385505086
93.60000000000001,0.0005245110375638426
93.8,0.0005204055928687741
94.0,0.0005212824977979172
94.2,0.000523480062511093
94.4,0.0005249192550755278
94.60000000000001,0.0005262928962484907
94.8,0.0005278299157627832
95.0,0.000528108930170474
95.2,0.0005281324241337074
95.4,0.00053032449448201
95.60000000000001,0.0005331295744544752
95.8,0.0005367169142726446
96.0,0.0005376941224187596
96.2,0.0005369403096729828
96.4,0.0005395297460550323
96.60000000000001,0.0005409688825542242
96.8,0.0005423970114900106
97.0,0.0005453351814771727
97.2,0.0005476480562497515
97.4,0.0005472939574482481
97.60000000000001,0.0005480090229690149
97.8,0.0005521592036883063
98.0,0.0005536246997234072
98.2,0.000553423232833835
98.4,0.0005576415034982408
98.60000000000001,0.000557343086496096
98.8,0.000557349849482872
99.0,0.000558658501355513
99.2,0.0005598196018848004
99.4,0.0005589627361519346
99.60000000000001,0.0005606660572947906
99.8,0.0005627730553449896
100.0,0.0005651289410290662
100.2,0.0005668466256950046
100.4,0.0005688289176763305
100.60000000000001,0.0005697255394340066
100.8,0.0005705877703623874
101.0,0.0005717968145338974
101.2,0.0005717036331848276
101.4,0.0005735128833681303
101.60000000000001,0.0005733465569807872
101.8,0.0005729105171913818
102.0,0.0005735198776308208
102.2,0.0005741010751453621
102.4,0.0005720953353539647
102.60000000000001,0.0005690038771106603
102.8,0.0005692607115047138
103.0,0.0005716683293745462
103.2,0.0005727821818343541
103.4,0.0005730334538725974
103.60000000000001,0.0005740645236528879
103.8,0.000573606082444753
104.0,0.0005727790585528827
104.2,0.0005745428410964999
104.4,0.0005748157427689632
104.60000000000001,0.0005728932518984206
104.8,0.0005733044900133018
105.0,0.0005718136974601636
105.2,0.0005691002191862114
105.4,0.0005693490907930204
105.60000000000001,0.0005712183773505289
105.8,0.000568700071878303
106.0,0.0005661213966529421
106.2,0.0005658488615757575
106.4,0.0005630127801859724
106.60000000000001,0.0005623204676985158
106.8,0.0005662909641319105
107.0,0.0005664587999388006
107.2,0.000559830538468745
107.4,0.0005544410179442289
107.60000000000001,0.0005549278379179939
107.8,0.0005579133130925804
108.0,0.0005572576862268961
108.2,0.0005586701760641365
108.4,0.0005572077178276153
108.60000000000001,0.000554403870915475
108.8,0.0005533121923661245
109.0,0.0005543986650604158
109.2,0.0005562014454975294
109.4,0.000558058794004859
109.60000000000001,0.0005586541007483674
109.8,0.0005571766641552384
110.0,0.0005544083505957515
110.2,0.0005544299702183626
110.4,0.0005526171242053445
110.60000000000001,0.0005491716209918033
110.8,0.0005523097909280295
111.0,0.0005552543874661486
111.2,0.000553124395103001
111.4,0.0005524444412220359
111.60000000000001,0.0005564711674674632
111.8,0.0005568961273624535
112.0,0.0005575059255811494
112.2,0.000561033467521491
112.4,0.0005643231074496173
112.60000000000001,0.0005596940600967453
112.8,0.0005598219986526327
113.0,0.0005616513735795128
113.2,0.0005621095018732462
113.4,0.000565270239005662
113.60000000000001,0.0005698719173779018
113.8,0.0005705095075589776
114.0,0.0005681523876016124
114.2,0.0005695040119414167
114.4,0.000570168464971718
114.60000000000001,0.0005669460063215778
114.8,0.0005648183140081851
115.0,0.0005630365054085887
115.2,0.0005599326505717448
115.4,0.0005596115548768268
115.60000000000001,0.0005626778559698994
115.8,0.000561031510444582
116.0,0.000559587216092457
116.2,0.0005611072209342336
116.4,0.0005589081135846485
116.60000000000001,0.0005559679748669518
116.8,0.0005559500698707589
117.0,0.0005565704860662768
117.2,0.0005546897342736323
117.4,0.0005549995168503569
117.60000000000001,0.0005556502896554285
117.8,0.0005526019625696225
118.0,0.0005517184859789865
118.2,0.0005518646393287592
118.4,0.0005530457554441729
118.60000000000001,0.0005559279141697313
118.8,0.0005576890895363965
119.0,0.0005572320371660947
119.2,0.0005568008914355765
119.4,0.0005572376148900035
119.60000000000001,0.0005561982091682781
119.8,0.000558893455560927
120.0,0.0005602895790014839
120.2,0.0005602687710275229
120.4,0.0005596316284121499
120.60000000000001,0.0005604752731755916
120.8,0.0005595069540791143
121.0,0.0005589592313535741
121.2,0.000561098147874368
121.4,0.0005639154455334827
121.60000000000001,0.0005611726183858269
121.8,0.0005581298913151722
122.0,0.0005602024597445967
122.2,0.0005625060616298248
122.4,0.0005632733034947819
122.60000000000001,0.0005658975691578554
122.8,0.0005668136634103489
123.0,0.0005641045807425776
123.2,0.0005655954357152277
123.4,0.0005672114718144935
123.60000000000001,0.0005648764145305958
123.8,0.0005666329752533036
124.0,0.0005690313533833292
124.2,0.0005674863800803404
124.4,0.000567717089798678
124.60000000000001,0.0005730980656074886
124.8,0.0005735050211188334
125.0,0.0005710463594455397
125.2,0.0005755143635156007
125.4,0.0005770840435896644
125.60000000000001,0.0005746087928562267
125.8,0.0005739517152857293
126.0,0.000574970262107267
126.2,0.0005718444339597537
126.4,0.0005691255803690429
126.60000000000001,0.0005709642353127388
126.8,0.0005731325069000703
127.0,0.0005754113561218185
127.2,0.0005758749208378245
127.4,0.0005719282964871654
127.60000000000001,0.0005723045441481992
127.8,0.0005735935545452144
128.0,0.0005715008151106414
128.2,0.0005733001140553409
128.4,0.0005729038896849578
128.6,0.0005702792420574655
128.8,0.0005702814931614512
129.0,0.000572824565974163
129.2,0.0005754888635500614
129.4,0.0005767465310769415
129.6,0.0005764039928488488
129.8,0.0005772669230462364
130.0,0.0005792401280859309
130.2,0.0005774216414617666
130.4,0.0005785181785304515
130.6,0.0005839360858235322
130.8,0.0005857071852886535
131.0,0.0005845254361483133
131.2,0.0005847588527910027
131.4,0.0005870856824578024
131.6,0.0005867282162880126
131.8,0.0005872264957577606
132.0,0.0005902424618282902
132.2,0.0005938230816727909
132.4,0.0005935980061825897
132.6,0.0005946251978942198
132.8,0.0005976172289994621
133.0,0.0005973348627112904
133.2,0.0005998326097843427
133.4,0.0006019487498398912
133.6,0.0006043865152973296
133.8,0.0006066196377368436
134.0,0.0006104035823724914
134.2,0.0006128607664605725
134.4,0.000610936216230379
134.6,0.0006124830079475258
134.8,0.0006146909415786823
135.0,0.0006160236494549101
135.2,0.0006177198469692837
135.4,0.0006201152933908053
135.6,0.0006198234428812734
135.8,0.0006201157035550344
136.0,0.0006216959843736825
136.2,0.0006248379056922983
136.4,0.0006253601370496101
136.6,0.0006248998176192764
136.8,0.0006257664527261206
137.0,0.000626110352902083
137.20000000000002,0.0006237058547109854
137.4,0.0006259117946246528
137.6,0.0006277966740699573
137.8,0.000626144105772676
138.0,0.0006257586599895268
138.20000000000002,0.0006297963062723658
138.4,0.0006296345402385341
138.6,0.0006276353250055118
138.8,0.0006311556641709755
139.0,0.0006344202765824209
139.20000000000002,0.0006335916795755526
139.4,0.0006342866410128548
139.6,0.0006359966385652301
139.8,0.0006366903262534094
140.0,0.0006363381906020612
140.20000000000002,0.0006382133785291872
140.4,0.0006393465946962531
140.6,0.0006396290416244291
140.8,0.000641172727504194
141.0,0.0006418301354955126
141.20000000000002,0.0006437386628610974
141.4,0.0006458912861196186
141.6,0.0006476835454817119
141.8,0.0006452199585268651
142.0,0.0006460338715569456
142.20000000000002,0.0006493828938862081
142.4,0.0006452757515624314
142.6,0.0006417410563752956
142.8,0.0006455887621509926
143.0,0.0006458394864682584
143.20000000000002,0.0006440484297860169
143.4,0.0006473024764275069
143.6,0.0006526650875496535
143.8,0.0006501447847767644
144.0,0.0006466175419028538
144.20000000000002,0.0006513660977391955
144.4,0.0006522825920101928
144.6,0.0006521918210623288
144.8,0.0006566168073075281
145.0,0.0006577751547169004
145.20000000000002,0.0006548344290643094
145.4,0.0006545588698539642
145.6,0.0006561397500393013
145.8,0.0006550195365083702
146.0,0.0006530675321885467
146.20000000000002,0.000652202862449394
146.4,0.0006515212336021034
146.6,0.000650046638539002
146.8,0.0006531475208217767
147.0,0.0006548281287197084
147.20000000000002,0.0006504240930832326
147.4,0.0006521738227732287
147.6,0.0006571031034824881
147.8,0.0006540978275673925
148.0,0.0006523685804676701
148.20000000000002,0.0006541023367968913
148.4,0.000649061632709142
148.6,0.000646865988389224
148.8,0.0006511261741462514
149.0,0.0006500154613714177
149.20000000000002,0.0006469651266015088
149.4,0.0006484444075487357
149.6,0.0006484921469365653
149.8,0.0006451475388646325
150.0,0.0006437240136661256
150.20000000000002,0.0006453962930145839
150.4,0.0006429515201444247
150.6,0.0006431588026567401
150.8,0.0006439766325767222
151.0,0.0006414439335126691
151.20000000000002,0.0006407741811143212
151.4,0.0006426759881223908
151.6,0.0006392765451446495
151.8,0.0006346482455675426
152.0,0.0006332754413733637
152.20000000000002,0.000631706932160354
152.4,0.0006317934639659204
152.6,0.0006333794837958981
152.8,0.0006340835674448513
153.0,0.0006353252395582896
153.20000000000002,0.0006337954490748224
153.4,0.0006321688092195705
153.6,0.0006319604497925212
153.8,0.0006318327766076752
154.0,0.0006323559012121188
154.20000000000002,0.0006339186265375639
154.4,0.0006320147555698855
154.6,0.0006296171243725446
154.8,0.0006292955579042632
155.0,0.0006277739359859824
155.20000000000002,0.0006278092126459921
155.4,0.0006322909751848866
155.6,0.000634230467408558
155.8,0.0006297664806484274
156.0,0.0006268895325969999
156.20000000000002,0.0006246855009270982
156.4,0.0006196469226332218
156.6,0.0006188166940962668
156.8,0.0006198261104436496
157.0,0.0006163372608968302
157.20000000000002,0.0006111599156233426
157.4,0.0006121166751995343
157.6,0.000613799232310827
157.8,0.0006102593017287934
158.0,0.0006132421548720439
158.20000000000002,0.0006131167371749914
158.4,0.0006050091513416017
158.6,0.0006038830600938778
158.8,0.0006067170141781045
159.0,0.0006042742822304641
159.20000000000002,0.0006022436296585389
159.4,0.0006028937898125812
159.6,0.0005992606172925537
159.8,0.0005951302766347855
160.0,0.000598109229799109
160.20000000000002,0.0005987508155144141
160.4,0.0005928314485840055
160.6,0.0005880947260823862
160.8,0.0005885849344618906
161.0,0.0005885354119465129
161.20000000000002,0.0005855108164369741
161.4,0.0005838204368767946
161.6,0.0005840317901041798
161.8,0.0005796337937352289
162.0,0.0005784280160068169
162.20000000000002,0.0005794195938996753
162.4,0.0005780379564342654
162.6,0.0005749095187058855
162.8,0.0005730266759750067
163.0,0.0005733026555705601
163.20000000000002,0.0005703854029428617
163.4,0.0005700688634224576
163.6,0.0005727286608486882
163.8,0.0005704927565193933
164.0,0.0005655229418523694
164.20000000000002,0.0005656854383692497
164.4,0.0005648372797654399
164.6,0.0005631199301420575
164.8,0.0005629841953291628
165.0,0.0005631523175448468
165.20000000000002,0.0005607012936896948
165.4,0.0005587944049932337
165.6,0.0005586272936939198
165.8,0.0005566987626716468
166.0,0.0005605554496711304
166.20000000000002,0.000563668500158622
166.4,0.0005628230632958387
166.6,0.0005599320851281955
166.8,0.0005585326166332884
167.0,0.0005550804785992722
167.20000000000002,0.0005507652748931758
167.4,0.0005497197876482603
167.6,0.0005482557795814483
167.8,0.0005456486847157688
168.0,0.0005456107272074149
168.20000000000002,0.0005464299948744307
168.4,0.0005446046709716323
168.6,0.0005422805995200787
168.8,0.0005422951392942912
169.0,0.0005415479129805604
169.20000000000002,0.0005396865321134467
169.4,0.0005374799583568648
169.6,0.0005401423796271591
169.8,0.0005407833962375985
170.0,0.0005424776096934653
170.20000000000002,0.0005438532061479496
170.4,0.0005423408560056202
170.6,0.0005411456884757984
170.8,0.0005399600956713835
171.0,0.0005417854914814619
171.20000000000002,0.0005420262898950432
171.4,0.0005397074417314949
171.6,0.0005382998935760159
171.8,0.00054086573965279
172.0,0.0005410316019730029
172.20000000000002,0.0005399635933837042
172.4,0.0005433350020699451
172.6,0.0005423936600625272
172.8,0.0005412586155461125
173.0,0.0005418188127825521
173.20000000000002,0.000540512194822353
173.4,0.000539450328530997
173.6,0.0005419457079043219
173.8,0.0005406764772889946
174.0,0.0005373290325432624
174.20000000000002,0.0005365294922990026
174.4,0.000538790049456518
174.6,0.0005393242175707236
174.8,0.0005375327759713808
175.0,0.0005381197681138957
175.20000000000002,0.0005386971479831793
175.4,0.0005372428930845653
175.6,0.000534405290997218
175.8,0.0005334351192577484
176.0,0.0005321396588644508
176.20000000000002,0.0005314073809054156
176.4,0.0005306357399112685
176.6,0.0005317104249875335
176.8,0.0005321568394141726
177.0,0.0005292447930922385
177.20000000000002,0.000530950075239804
177.4,0.0005311412086335825
177.6,0.0005320573147048067
177.8,0.0005335162253418983
178.0,0.0005335015214146983
178.20000000000002,0.0005334627266182648
178.4,0.0005329549183399773
178.6,0.0005325215096629502
178.8,0.0005343037540749278
179.0,0.000536427433083292
179.20000000000002,0.0005347636412766534
179.4,0.0005328643672891598
179.6,0.0005296735881449214
179.8,0.0005287604294585916
180.0,0.0005296483429870525
180.20000000000002,0.000529910041978579
180.4,0.000531102029430477
180.6,0.000529469011307821
180.8,0.0005280622623647087
181.0,0.0005276802124408206
181.20000000000002,0.0005268272935214952
181.4,0.0005258977602700915
181.6,0.0005240258518490383
181.8,0.0005225051399174763
182.0,0.0005207428465406774
182.20000000000002,0.0005191870107701823
182.4,0.0005189624629082885
182.6,0.0005205394410844613
182.8,0.0005206567263668581
183.0,0.0005181672011649966
183.20000000000002,0.0005167844337938347
183.4,0.0005148639346000538
183.6,0.0005136315286730136
183.8,0.0005153073894356637
184.0,0.0005179525314960737
184.20000000000002,0.0005143018198472317
184.4,0.0005130026381257565
184.6,0.000511812528988208
184.8,0.0005103699347791952
185.0,0.0005104193260131868
185.20000000000002,0.000508940360485464
185.4,0.0005072453782209402
185.6,0.0005047451170627382
185.8,0.0005038777472623545
186.0,0.0005032226630524698
186.20000000000002,0.0005060368468922101
186.4,0.0005085635984795869
186.6,0.0005094984751109666
186.8,0.0005070011056448873
187.0,0.0005044344894799256
187.20000000000002,0.0005075697033627772
187.4,0.000506752681358068
187.6,0.0005075898835642904
187.8,0.000509906535636877
188.0,0.0005099252076341466
188.20000000000002,0.0005072669785495958
188.4,0.0005060768870194546
188.6,0.0005060614455122119
188.8,0.0005038442473027944
189.0,0.0005022372546252268
189.20000000000002,0.0005005997280330835
189.4,0.0005008348801261592
189.6,0.0004993893249966384
189.8,0.0004963954224358682
190.0,0.0004939569930631847
190.20000000000002,0.0004935611508226518
190.4,0.0004917155981288801
190.6,0.000489595882611269
190.8,0.0004888041622667657
191.0,0.0004890022034800291
191.20000000000002,0.0004896278731059446
191.4,0.0004892093680969245
191.6,0.0004846597898914944
191.8,0.00048189156609959024
192.0,0.00048025147786049163
192.20000000000002,0.00048005269867925157
192.4,0.000480100386823493
192.6,0.00047912560186953235
192.8,0.00048055794290160337
193.0,0.00048071761310224565
193.20000000000002,0.00047802723620713833
193.4,0.00047785053208842355
193.6,0.0004764229829087459
193.8,0.000472290090737183
194.0,0.00047264944563866254
194.20000000000002,0.00047211755610553964
194.4,0.0004694775690687169
194.6,0.00046800715632526544
194.8,0.00046724256485987614
195.0,0.0004680170262784706
195.20000000000002,0.0004691670086570694
195.4,0.00046671759584438854
195.6,0.00046460112364938623
195.8,0.0004663736139643262
196.0,0.00046546708744075413
196.20000000000002,0.0004654946634326085
196.4,0.0004657494795802478
196.6,0.0004673233308839947
196.8,0.0004669515986710475
197.0,0.00046827831666904584
197.20000000000002,0.0004701009387546219
197.4,0.0004670487595939866
197.6,0.00046650459198777967
197.8,0.0004658095251568148
198.0,0.00046309581019633706
198.20000000000002,0.00046438271252195474
198.4,0.0004677031119616737
198.6,0.0004643909689740618
198.8,0.0004602725259776585
199.0,0.00045984248730436236
199.20000000000002,0.00046136109726325895
199.4,0.0004605446443048023
199.6,0.0004578683112880577
199.8,0.0004611611009765624
200.0,0.00046203281535151533
200.20000000000002,0.0004574108627489932
200.4,0.0004558472584228162
200.6,0.0004573483601065865
200.8,0.00045563021039262975
201.0,0.00045601649629919397
201.20000000000002,0.00045695270827861056
201.4,0.00045619255484548023
201.6,0.0004552397300058401
201.8,0.00045349254969291396
202.0,0.00044911903846277555
202.20000000000002,0.00044910133963718766
202.4,0.00045097112714244955
202.6,0.0004493018704364742
202.8,0.000450312349939081
203.0,0.00045086449952132343
203.20000000000002,0.0004472416715773043
203.4,0.0004443856684990892
203.6,0.0004430528028891479
203.8,0.0004423038348135299
204.0,0.00044210973973915073
204.20000000000002,0.00044473475464855807
204.4,0.000445755001976618
204.6,0.00044472481623787456
204.8,0.00044393661048934514
205.0,0.00044366580771967314
205.20000000000002,0.000443417186277943
205.4,0.00044612118698578466
205.6,0.00044699339418849475
205.8,0.00044254491456465226
206.0,0.0004399352698081441
206.20000000000002,0.0004411060186468197
206.4,0.0004405401716418027
206.6,0.0004391987455676743
206.8,0.0004395517060057173
207.0,0.0004395507531829942
207.20000000000002,0.0004377646792289654
207.4,0.00043462416449567505
207.6,0.0004358207785770345
207.8,0.0004352880392437328
208.0,0.00043619912530233683
208.20000000000002,0.00043989917684508436
208.4,0.0004398747811094193
208.6,0.00043762282677427034
208.8,0.00043956636980590976
209.0,0.0004390009596796742
209.20000000000002,0.00043564923241822977
209.4,0.00043603988781325454
209.6,0.0004372945707229135
209.8,0.0004362279880495372
210.0,0.00043129133573662095
210.20000000000002,0.0004305292933433251
210.4,0.00043267866278397764
210.6,0.000431661557857859
210.8,0.00043200513493995944
211.0,0.00043466294096196914
211.20000000000002,0.00042813739667888954
211.4,0.0004238994997410992
211.6,0.0004279038520852337
211.8,0.00042682854487771307
212.0,0.00042410127227006925
212.20000000000002,0.0004262446896562194
212.4,0.00042543375425499664
212.6,0.0004234643480871412
212.8,0.0004249203599324181
213.0,0.00042841698481314053
213.20000000000002,0.0004264782579182146
213.4,0.0004243048501882735
213.6,0.00042557063066437826
213.8,0.0004256422002682885
214.0,0.0004229226593282471
214.20000000000002,0.00042367449273422297
214.4,0.0004221813440639564
214.6,0.000419549912503667
214.8,0.0004220452046779647
215.0,0.0004231919707749326
215.20000000000002,0.00042511624373311503
215.4,0.00042594565394314573
215.6,0.0004227755624377131
215.8,0.0004207132930487737
216.0,0.0004169095399696773
216.20000000000002,0.00041432175623407714
216.4,0.00041628194478627884
216.6,0.00041438501090382556
216.8,0.0004135744374536473
217.0,0.0004126263602432629
217.20000000000002,0.0004120159175244358
217.4,0.0004120505049970886
217.6,0.00040992507430795893
217.8,0.00040841932089617924
218.0,0.00040785845813648365
218.20000000000002,0.0004078632420474628
218.4,0.00040720480352078364
218.6,0.00040660304138858316
218.8,0.000406947420978704
219.0,0.00040842956902487185
219.20000000000002,0.0004070503160738596
219.4,0.00040560395984025566
219.6,0.00040750871588648036
219.8,0.0004085332633153063
220.0,0.0004078984923160525
220.20000000000002,0.00041263480635112643
220.4,0.00041646236693767446
220.6,0.00041253123769277036
220.8,0.0004118817058197729
221.0,0.0004114036280670811
221.20000000000002,0.0004137709061166143
221.4,0.00041677861335784653
221.6,0.0004185116288336216
221.8,0.00041864009903105947
222.0,0.00041911440363239796
222.20000000000002,0.0004195047865334297
222.4,0.00041983438997049086
222.6,0.0004203224968208637
222.8,0.00042055041921457343
223.0,0.000420313140075253
223.20000000000002,0.00041776841694246564
223.4,0.00041682033651087606
223.6,0.0004210339921178989
223.8,0.00042371921452029175
224.0,0.0004235438651298799
224.20000000000002,0.00042301828717575154
224.4,0.00042414072978243906
224.6,0.0004261707357634595
224.8,0.00042683588057006167
225.0,0.0004275114483288803
225.20000000000002,0.0004272656600738584
225.4,0.00042786680238503407
225.6,0.00042906619978356044
225.8,0.0004279378142029438
226.0,0.00042764765192176334
226.20000000000002,0.00042869622935292934
226.4,0.0004290014960425835
226.6,0.0004276635588040187
226.8,0.00042504094328975973
227.0,0.00042918573170001417
227.20000000000002,0.0004308374037071149
227.4,0.0004285867951280282
227.6,0.0004280147355251677
227.8,0.00042804715130095086
228.0,0.0004281324650972703
228.20000000000002,0.00043011698900943037
228.4,0.0004304558627692423
228.6,0.00043059576464876914
228.8,0.00042933714260920956
229.0,0.00043089456686768286
229.20000000000002,0.000432362168686504
229.4,0.00043460141735520563
229.6,0.00043660352194550595
229.8,0.0004387458789605744
230.0,0.0004400214167597477
230.20000000000002,0.00043978623122058717
230.4,0.0004402680653874196
230.6,0.00043867351286733605
230.8,0.0004362236363929378
231.0,0.00043722240802415274
231.20000000000002,0.00043727527219247276
231.4,0.00043609091150555895
231.6,0.0004359766211033782
231.8,0.00043508727248310185
232.0,0.0004313562355054063
232.20000000000002,0.0004279790360578524
232.4,0.0004316432084144152
232.6,0.00044066224157546913
232.8,0.0004395417181267338
233.0,0.0004356666633790617
233.20000000000002,0.00043610288811995345
233.4,0.00043571509281268943
233.6,0.00043268314793896826
233.8,0.00043756631436122674
234.0,0.0004389207872529874
234.20000000000002,0.0004339283738102466
234.4,0.00043281185007643764
234.6,0.00043429267172491264
234.8,0.00043254819398515763
235.0,0.0004311158252934377
235.20000000000002,0.00043119546440468316
235.4,0.00042780149127187047
235.6,0.0004255272474323079
235.8,0.0004305803857763801
236.0,0.000428934219224589
236.20000000000002,0.0004251496701560765
236.4,0.00042600946270644025
236.6,0.00042283328266543187
236.8,0.00042015470252394337
237.0,0.0004260867547539229
237.20000000000002,0.00043078245225490193
237.4,0.00042951156249621783
237.6,0.00042789431837340376
237.8,0.0004297043848353913
238.0,0.0004260350607262224
238.20000000000002,0.00042435376393100155
238.4,0.0004275380307491077
238.6,0.0004292769188402103
238.8,0.0004254468134632204
239.0,0.00042502870269809707
239.20000000000002,0.00042404731533645686
239.4,0.0004224074172789494
239.6,0.0004237644897579878
239.8,0.00042637265343550357
240.0,0.00042191690795763024
240.20000000000002,0.00041997285008492493
240.4,0.0004224093423792413
240.6,0.0004235335818816382
240.8,0.00042574262185559204
241.0,0.00042858002873844724
241.20000000000002,0.00043023247069436506
241.4,0.00043029849916201404
241.6,0.00042966527896537584
241.8,0.0004304166047817637
242.0,0.0004315128110082149
242.20000000000002,0.0004331225669014797
242.4,0.0004388965783002789
242.6,0.0004385878704221685
242.8,0.00043614532580036117
243.0,0.00043598365573579545
243.20000000000002,0.0004347926315293759
243.4,0.000435556740482213
243.6,0.0004393407126803612
243.8,0.00044417820424600036
244.0,0.00044506602795014294
244.20000000000002,0.0004466426807228976
244.4,0.0004470095979312545
244.6,0.00044649816178826007
244.8,0.00044592604927880583
245.0,0.00044928469201144206
245.20000000000002,0.00045279389018754385
245.4,0.000453642440072314
245.6,0.0004532769964824744
245.8,0.0004524928540035136
246.0,0.0004539102316126187
246.20000000000002,0.00045522363871606023
246.4,0.0004557778717666081
246.6,0.00045661136005800424
246.8,0.0004559832382522044
247.0,0.00045287206982715675
247.20000000000002,0.00045425106646206976
247.4,0.00045889020998038946
247.6,0.00045938687018363933
247.8,0.00046170606574189515
248.0,0.0004627652975921425
248.20000000000002,0.00046122197716960515
248.4,0.0004576276071332371
248.6,0.000458335439310797
248.8,0.0004588604691611889
249.0,0.00045908368911209827
249.20000000000002,0.0004613455209704852
249.4,0.00046172749840555196
249.6,0.00045853526538686893
249.8,0.0004581891972890534
250.0,0.00046021572067817787
250.20000000000002,0.00045885807476983743
250.4,0.0004585590235355987
250.6,0.0004576736778059755
250.8,0.0004568848179702708
251.0,0.00045733854644181064
251.20000000000002,0.00045316492402749426
251.4,0.0004544580283851044
251.6,0.00045560910119456406
251.8,0.0004542533261502448
252.0,0.00045283689258450015
252.20000000000002,0.0004512029065940826
252.4,0.0004457601936440528
252.6,0.000444336041672071
252.8,0.0004453770722702385
253.0,0.0004433952021635574
253.20000000000002,0.0004414616818243747
253.4,0.00044198935507565643
253.6,0.00044111471397603383
253.8,0.00044026709351147975
254.0,0.0004432499510939066
254.20000000000002,0.00044325738410947753
254.4,0.000441677086338232
254.6,0.0004421994967342962
254.8,0.0004432794398764902
255.0,0.00044479578616160364
255.20000000000002,0.00044554535783328746
255.4,0.0004441270756074601
255.6,0.00043973143939069257
255.8,0.00043769602840731074
256.0,0.0004400882613854958
256.2,0.000438667698139717
256.4,0.000435126574178064
256.6,0.0004356703067583233
256.8,0.0004381424136793763
257.0,0.0004374551960026638
257.2,0.00043815019802622286
257.4,0.0004426511707797048
257.6,0.0004422487504865937
257.8,0.00044081609945266216
258.0,0.00044111935292635477
258.2,0.0004419740002576387
258.4,0.00044148851428240553
258.6,0.0004417304729445175
258.8,0.00044405041244635824
259.0,0.00044574954564333954
259.2,0.0004451380886083993
259.4,0.00044577642911179606
259.6,0.00044506657506816245
259.8,0.0004443131445736651
260.0,0.00044483179328015074
260.2,0.0004461800732817935
260.4,0.00044477255599428947
260.6,0.000445298058534836
260.8,0.0004475274443100968
261.0,0.00044938278793232633
261.2,0.0004476677236851815
261.4,0.00044953538742980095
261.6,0.0004506992207499373
261.8,0.0004501913404974919
262.0,0.00045290372477143644
262.2,0.00045584341391096886
262.4,0.0004548800738750396
262.6,0.00045430153217811944
262.8,0.00045523181689826686
263.0,0.0004554409374228995
263.2,0.00045496878217953017
263.4,0.0004589049121295782
263.6,0.0004627823677783238
263.8,0.00046284776505857683
264.0,0.00046732390155523277
264.2,0.0004705450098372882
264.4,0.00046737305646108075
264.6,0.000465847355871892
264.8,0.00046745822773879887
265.0,0.00046881424772619553
265.2,0.0004702370943480868
265.4,0.00047357663316748266
265.6,0.0004749883031919526
265.8,0.0004732124555769594
266.0,0.00047401053476666896
266.2,0.00047763311945730493
266.4,0.00047945327533401456
266.6,0.00048317389827752684
266.8,0.0004867835703489319
267.0,0.0004853458783970683
267.2,0.00048539109344460123
267.4,0.00048716062222285526
267.6,0.000488935674614664
267.8,0.0004911539360476791
268.0,0.0004918796780535013
268.2,0.00049296384460726
268.4,0.0004940782344348317
268.6,0.0004978458456012706
268.8,0.0005009739754732784
269.0,0.0005019013012525072
269.2,0.0005013617317994857
269.4,0.0005032188825171408
269.6,0.0005035458351748809
269.8,0.0005055400827481958
270.0,0.0005096115997276155
270.2,0.0005094109032635869
270.4,0.0005080943280465741
270.6,0.0005083664974338765
270.8,0.0005088731277895942
271.0,0.0005091926728194417
271.2,0.0005116262272469168
271.4,0.000515159353402535
271.6,0.0005156569634211004
271.8,0.0005143277242725003
272.0,0.0005147197881579878
272.2,0.000514122820035147
272.4,0.000512017567984049
272.6,0.0005141659325559312
272.8,0.0005180535995388406
273.0,0.0005193984339214177
273.2,0.0005206988437997038
273.40000000000003,0.0005228022483589892
273.6,0.0005287605875837834
273.8,0.0005288837365904795
274.0,0.0005312436445537604
274.2,0.0005348175529332173
274.40000000000003,0.0005356760869864845
274.6,0.0005374024897697949
274.8,0.0005398032636943426
275.0,0.0005433834329114287
275.2,0.000545531317032997
275.40000000000003,0.0005441665066967158
275.6,0.0005459432097466242
275.8,0.0005496789339685831
276.0,0.0005473100982397738
276.2,0.0005482652408005139
276.40000000000003,0.000550641557551125
276.6,0.0005496696580146916
276.8,0.0005486527983923699
277.0,0.0005508256443075251
277.2,0.0005522326069005354
277.40000000000003,0.0005535993431324721
277.6,0.0005591628570946676
277.8,0.0005603566750117906
278.0,0.0005605753441075412
278.2,0.0005613469310441182
278.40000000000003,0.0005627055409930795
278.6,0.0005676264429790432
278.8,0.0005732241767503861
279.0,0.0005750873428808399
279.2,0.0005718834357957713
279.40000000000003,0.000571304715626937
279.6,0.0005750600379952434
279.8,0.0005782872128113161
280.0,0.0005806348759293381
280.2,0.0005832818752893723
280.40000000000003,0.0005834712554396867
280.6,0.0005818721729183597
280.8,0.0005823840597461627
281.0,0.0005883183724227992
281.2,0.0005910384854102584
281.40000000000003,0.0005907058555064975
281.6,0.0005930184137318621
281.8,0.0005944153497477204
282.0,0.0005935458033323745
282.2,0.0005939270618066166
282.40000000000003,0.0005948814815370296
282.6,0.0005980622732455294
282.8,0.0006006969769029499
283.0,0.0005996605387887932
283.2,0.0006002129960584222
283.40000000000003,0.0006019114467122613
283.6,0.0006012095172405239
283.8,0.0006041100392947431
284.0,0.0006059518873073629
284.2,0.0006068713479309158
284.40000000000003,0.0006091220402088206
284.6,0.0006110174940797097
284.8,0.0006121677202006765
285.0,0.0006121412281801665
285.2,0.0006140275419558257
285.40000000000003,0.0006176174491091047
285.6,0.0006171573958799945
285.8,0.000617221669526551
286.0,0.0006188055909865115
286.2,0.0006173107277739678
286.40000000000003,0.0006142886248248033
286.6,0.0006165132509876135
286.8,0.0006190227091075782
287.0,0.0006198850256313097
287.2,0.000621578786734657
287.40000000000003,0.0006227042539739872
287.6,0.0006204392142244536
287.8,0.0006229672821355988
288.0,0.0006252573550007194
288.2,0.0006225993512499216
288.40000000000003,0.0006244215778403781
288.6,0.0006290627149541874
288.8,0.0006263319264272027
289.0,0.0006234012149221058
289.2,0.0006264676179892574
289.40000000000003,0.0006238757361129001
289.6,0.0006215484098861667
289.8,0.0006254379241448955
290.0,0.0006283963642841039
290.2,0.0006275268993233885
290.40000000000003,0.0006270190474696601
290.6,0.0006271804437390873
290.8,0.0006261063279344953
291.0,0.0006267725476964838
291.2,0.000628889912564947
291.40000000000003,0.0006254335462523527
291.6,0.0006226583298582252
291.8,0.0006240216447976357
292.0,0.000622879061892826
292.2,0.000621167729810342
292.40000000000003,0.0006230033627150845
292.6,0.0006243060558461744
292.8,0.0006215818926474789
293.0,0.000621134982540996
293.2,0.0006206759528750948
293.40000000000003,0.0006176163129830326
293.6,0.0006198398241591029
293.8,0.0006229530118974816
294.0,0.0006196268552157111
294.2,0.0006170759951756122
294.40000000000003,0.0006204455959057947
294.6,0.0006208023706916587
294.8,0.0006187718026032221
295.0,0.0006212732502901559
295.2,0.0006268118405443034
295.40000000000003,0.0006248472224454399
295.6,0.0006213163888361312
295.8,0.000622571938134746
296.0,0.0006248312127111129
296.2,0.000623918503659737
296.40000000000003,0.0006264012702930672
296.6,0.000627473817466515
296.8,0.0006267079406883717
297.0,0.0006279653892450886
297.2,0.0006303194153114149
297.40000000000003,0.0006287995044515547
297.6,0.000630579160013626
297.8,0.0006328138856463607
298.0,0.0006312046662634724
298.2,0.0006319840573755629
298.40000000000003,0.0006364353274321394
298.6,0.0006341715975851004
298.8,0.0006310203755009758
299.0,0.0006350026954277028
299.2,0.0006363432358576297
299.40000000000003,0.0006352595320159263
299.6,0.0006397806439126765
299.8,0.0006406222331259701
300.0,0.0006370334178273747
300.2,0.0006379646887826586
300.40000000000003,0.0006426114630745676
300.6,0.0006424065347069558
300.8,0.0006405691300421847
301.0,0.0006378334650165232
301.2,0.0006362530716702571
301.40000000000003,0.0006330505040084103
301.6,0.0006334590329980495
301.8,0.0006325707094674233
302.0,0.0006294623763597972
302.2,0.00062701821334182
302.40000000000003,0.000627490890546854
302.6,0.0006296064380027467
302.8,0.0006248191048169518
303.0,0.0006232703478723686
303.2,0.000623935659032144
303.40000000000003,0.0006209020895738411
303.6,0.0006220042579728882
303.8,0.000625036077630788
304.0,0.0006203789788260474
304.2,0.0006176100007502715
304.40000000000003,0.0006169225911947768
304.6,0.0006180640724459579
304.8,0.0006160248377821316
305.0,0.0006143647894523155
305.2,0.0006140356108205455
305.40000000000003,0.0006103643415660031
305.6,0.0006066020128651454
305.8,0.0006083382162143423
306.0,0.0006086258515635131
306.2,0.0006061187210856662
306.40000000000003,0.000604315347426869
306.6,0.0006027941356347095
306.8,0.0006028847968035906
307.0,0.0006001266269799585
307.2,0.0005981304528644097
307.40000000000003,0.0005980262928409093
307.6,0.0005974153565857521
307.8,0.000595153347852499
308.0,0.0005962744954989955
308.2,0.0005973967517912674
308.40000000000003,0.000594835818273498
308.6,0.000592747033867207
308.8,0.0005906558932093186
309.0,0.0005880513337891644
309.2,0.0005891993753154296
309.40000000000003,0.0005908043170447986
309.6,0.0005896765629509
309.8,0.0005894156385910942
310.0,0.0005885016950952074
310.2,0.0005875206773570805
310.40000000000003,0.0005885126169994544
310.6,0.0005888417393052987
310.8,0.0005878774017010613
311.0,0.0005884981644972673
311.2,0.0005879223027409188
311.40000000000003,0.000587634929288837
311.6,0.0005845324093947823
311.8,0.0005807274878583201
312.0,0.0005790249144275314
312.2,0.0005809069177870359
312.40000000000003,0.0005824232487814392
312.6,0.0005837070872462011
312.8,0.0005833945382970316
313.0,0.0005841715052468041
313.2,0.0005835417580628581
313.40000000000003,0.0005798676849351686
313.6,0.0005773367636116681
313.8,0.0005814750009813977
314.0,0.0005824716284717916
314.2,0.0005793344151168551
314.40000000000003,0.0005779303507442347
314.6,0.0005783664810430915
314.8,0.0005766532072943029
315.0,0.0005738226816641569
315.2,0.000577527092200488
315.40000000000003,0.0005785190568294648
315.6,0.0005769045770697503
315.8,0.0005787297370613902
316.0,0.0005771758948716014
316.2,0.0005751356576231998
316.40000000000003,0.0005783264917918432
316.6,0.0005786710795880081
316.8,0.0005776051965484547
317.0,0.0005817750813501215
317.2,0.0005818369349850912
317.40000000000003,0.0005809964728010357
317.6,0.0005833772580668622
317.8,0.0005844670565235576
318.0,0.0005838248058882772
318.2,0.0005848384827532423
318.40000000000003,0.0005832136838587153
318.6,0.0005816622245019354
318.8,0.000581167191424619
319.0,0.0005825978366385417
319.2,0.0005828360527073565
319.40000000000003,0.0005817451948223947
319.6,0.0005801066695490501
319.8,0.0005784084859952721
320.0,0.0005807781282918675
320.2,0.0005813564283030461
320.40000000000003,0.000581840226837688
320.6,0.0005855159133772592
320.8,0.0005853678936932732
321.0,0.0005830373222298841
321.2,0.000582827593361354
321.40000000000003,0.0005818118990569615
321.6,0.0005795804035940778
321.8,0.000580732691212061
322.0,0.0005822306892915093
322.2,0.0005816873982600468
322.40000000000003,0.0005800349715122446
322.6,0.0005818954695729576
322.8,0.0005837344315439277
323.0,0.0005835450491470559
323.2,0.0005863504361531927
323.40000000000003,0.0005907272956404799
323.6,0.000590746370915395
323.8,0.0005902357055830054
324.0,0.0005908507165798294
324.2,0.0005890751434813373
324.40000000000003,0.0005880367588633017
324.6,0.0005889246521242693
324.8,0.0005922104310758264
325.0,0.0005936486793540909
325.2,0.0005911333025029197
325.40000000000003,0.0005902817883938273
325.6,0.0005938203411039219
325.8,0.0005989074656804141
326.0,0.0006010364220592888
326.2,0.0006011731748258971
326.40000000000003,0.000600099127346184
326.6,0.0005991990709988379
326.8,0.0006003723093535947
327.0,0.0006033986568855522
327.2,0.0006055646873210916
327.40000000000003,0.0006099845834758891
327.6,0.0006119966023426006
327.8,0.000611615659167841
328.0,0.0006134025223830094
328.2,0.0006143481553152412
328.40000000000003,0.0006122347246308767
328.6,0.0006159765946344577
328.8,0.0006185856803300031
329.0,0.0006175758906960208
329.2,0.0006211070015009465
329.40000000000003,0.0006242851667130413
329.6,0.0006230959077632321
329.8,0.0006225658715011737
330.0,0.0006277218365698639
330.2,0.0006314544067199494
330.40000000000003,0.0006299031663380006
330.6,0.000630720480671323
330.8,0.0006299075928866122
331.0,0.0006265748409590799
331.2,0.0006264147856588733
331.40000000000003,0.0006290810821640541
331.6,0.0006314697423425795
331.8,0.0006302818556871805
332.0,0.0006305805488346941
332.2,0.0006326233917782564
332.40000000000003,0.0006348024067065642
332.6,0.0006357955383148059
332.8,0.0006384268279752639
333.0,0.0006415209313298826
333.2,0.0006423106941851451
333.40000000000003,0.0006431644073554726
333.6,0.0006484994615838838
333.8,0.0006508231001218671
334.0,0.0006508943479608005
334.2,0.0006533935869247754
334.40000000000003,0.0006543303994316909
334.6,0.0006521129061026719
334.8,0.0006522480293768924
335.0,0.0006567514511508436
335.2,0.0006587491701135667
335.40000000000003,0.0006580110637576659
335.6,0.0006609364423195199
335.8,0.0006597781850593583
336.0,0.0006568771774522153
336.2,0.0006580504788456346
336.40000000000003,0.0006618321452080224
336.6,0.000660873145372412
336.8,0.0006627602276673096
337.0,0.0006672219068124443
337.2,0.0006663442742600959
337.40000000000003,0.0006642567634520535
337.6,0.0006684277235496257
337.8,0.0006719860491067091
338.0,0.000672698341519512
338.2,0.0006743840061722724
338.40000000000003,0.0006764827667720335
338.6,0.0006780837454481195
338.8,0.0006769962785014404
339.0,0.0006752856761580728
339.2,0.0006748150021716694
339.40000000000003,0.0006753918477811785
339.6,0.0006763182804261751
339.8,0.0006781737226426147
340.0,0.0006790426855787856
340.2,0.0006773697754670192
340.40000000000003,0.0006758395980058001
340.6,0.0006781268029644767
340.8,0.000680205661789794
341.0,0.0006819601421451713
341.2,0.0006817267419799936
341.40000000000003,0.0006831932113058387
341.6,0.0006854973071053851
341.8,0.0006867208902453887
342.0,0.0006857454336183709
342.2,0.000689659620495429
342.40000000000003,0.0006911081798709609
342.6,0.0006881285795487363
342.8,0.0006875021429615077
343.0,0.0006868904157200689
343.2,0.0006855064013482875
343.40000000000003,0.0006884096722553118
343.6,0.0006918575570601042
343.8,0.0006925857977205693
344.0,0.0006923268110225606
344.2,0.000692814811505746
344.40000000000003,0.0006900639527713178
344.6,0.0006901645494116257
344.8,0.0006958684427569866
345.0,0.0006971058045197975
345.2,0.0006954140085089279
345.40000000000003,0.0006949587530065636
345.6,0.0006933436530243453
345.8,0.0006946006010349322
346.0,0.0006965193336696533
346.2,0.0007005401024608135
346.40000000000003,0.0007023935553176979
346.6,0.0007006756126409239
346.8,0.0006993256891652577
347.0,0.0006996885857165531
347.2,0.0006997421765220667
347.40000000000003,0.000704023091327017
347.6,0.0007062035589184699
347.8,0.0007035119427135418
348.0,0.0007041215755306814
348.2,0.0007062285105527949
348.40000000000003,0.0007044600022017732
348.6,0.0007052255989152661
348.8,0.0007065674064594933
349.0,0.000705107361103435
349.2,0.0007046406536506036
349.40000000000003,0.0007078948537355511
349.6,0.0007071565005612206
349.8,0.0007086885952590821
350.0,0.0007108940249330241
350.2,0.0007118713065173202
350.40000000000003,0.0007113230012867719
350.6,0.0007146937279293622
350.8,0.0007165187677005075
351.0,0.0007128480224044709
351.2,0.0007095842751034029
351.40000000000003,0.0007109898446711214
351.6,0.0007102208795437953
351.8,0.0007108735842873452
352.0,0.0007127927114407545
352.2,0.0007121267129757994
352.40000000000003,0.0007114681491233315
352.6,0.0007134431300188563
352.8,0.0007158469671376275
353.0,0.0007167213822634613
353.2,0.0007192819598207278
353.40000000000003,0.0007206223545986757
353.6,0.000721215536509988
353.8,0.0007201295106958694
354.0,0.0007225276918802902
354.2,0.0007260115242894346
354.40000000000003,0.0007256123712338856
354.6,0.0007257321873892229
354.8,0.0007236918799965424
355.0,0.0007240545765053835
355.2,0.0007271941163185623
355.40000000000003,0.0007286393243958925
355.6,0.0007286373329571164
355.8,0.0007287419226192084
356.0,0.0007261657190700646
356.2,0.0007263302697671953
356.40000000000003,0.0007276193444432508
356.6,0.0007325196667071444
356.8,0.0007344922647932747
357.0,0.0007353483433578954
357.2,0.0007379063058641512
357.40000000000003,0.0007404440399304853
357.6,0.0007408109229027555
357.8,0.0007440064539212556
358.0,0.0007506810327408306
358.2,0.0007511656173069728
358.40000000000003,0.0007493594981410764
358.6,0.0007474454919788404
358.8,0.0007470018331747262
359.0,0.000747130063918923
359.2,0.000749627407028445
359.40000000000003,0.0007523488127162883
359.6,0.0007523923650318487
359.8,0.000751690300689969
360.0,0.000757299220447474
360.2,0.0007592631098287681
360.40000000000003,0.0007577314265985714
360.6,0.0007610688972435502
360.8,0.0007627073490550521
361.0,0.0007602156247839474
361.2,0.0007616481845471484
361.40000000000003,0.0007661795383320109
361.6,0.0007699080618175461
361.8,0.0007735698903485842
362.0,0.0007768169940210724
362.2,0.000778802236736918
362.40000000000003,0.0007808555896593418
362.6,0.0007823327378751877
362.8,0.0007845771237453229
363.0,0.0007862098744448964
363.2,0.0007877947397990993
363.40000000000003,0.0007897721257543066
363.6,0.0007921659796750454
363.8,0.0007932619366271402
364.0,0.0007933898739659821
364.2,0.0007965391167586252
364.40000000000003,0.0007968069657224138
364.6,0.000799280962657226
364.8,0.0007986791867642279
365.0,0.0007984435732366552
365.2,0.000799251442746116
365.40000000000003,0.0008020103054530679
365.6,0.0008017262100325501
365.8,0.0008017324804210213
366.0,0.0008046526981540014
366.2,0.0008067148090819691
366.40000000000003,0.0008089789604888706
366.6,0.0008114522523146151
366.8,0.0008132423901574846
367.0,0.0008127381708724644
367.2,0.0008106944136439503
367.40000000000003,0.0008117106160530411
367.6,0.0008136640985473318
367.8,0.0008133967971566462
368.0,0.0008153146890501038
368.2,0.0008170223647489334
368.40000000000003,0.0008176568341159475
368.6,0.0008188880864222976
368.8,0.0008180536539764997
369.0,0.0008173845645139374
369.2,0.000819705439839658
369.40000000000003,0.0008190290295721375
369.6,0.0008160410657371431
369.8,0.0008157430699586112
370.0,0.0008174497179348431
370.2,0.0008190530288350983
370.40000000000003,0.0008205519026509475
370.6,0.0008222237880695142
370.8,0.0008222503089861422
371.0,0.0008226916894346382
371.2,0.0008232400398105077
371.40000000000003,0.0008257261403845996
371.6,0.0008289098444819924
371.8,0.0008290485156632222
372.0,0.0008265257935557647
372.2,0.0008290112317947314
372.40000000000003,0.0008291441603029134
372.6,0.0008299343481221286
372.8,0.0008345349381038249
373.0,0.0008341341646962139
373.2,0.0008319625940450992
373.40000000000003,0.0008333019470433594
373.6,0.0008349725682737689
373.8,0.0008358020062038659
374.0,0.0008372919572490492
374.2,0.0008403997931052734
374.40000000000003,0.0008419260795676448
374.6,0.0008400708351223468
374.8,0.0008441406235888109
375.0,0.0008473097051011605
375.2,0.0008443521876158156
375.40000000000003,0.0008438682918525927
375.6,0.0008437736318675207
375.8,0.0008407124565055065
376.0,0.0008401983816066898
376.2,0.0008429308829743899
376.40000000000003,0.0008436033350629383
376.6,0.0008423747454724612
376.8,0.0008449264832306094
377.0,0.0008434303597523058
377.2,0.0008414574102185929
377.40000000000003,0.0008433909658997
377.6,0.0008471813282117053
377.8,0.0008418807045323426
378.0,0.0008403235568901006
378.2,0.0008443210243908466
378.40000000000003,0.0008418113485452794
378.6,0.0008388565882735554
378.8,0.0008437881750900303
379.0,0.0008440394779920466
379.2,0.0008442463210925154
379.40000000000003,0.0008503510786608462
379.6,0.0008524276145106718
379.8,0.0008495344996823685
380.0,0.0008499037413599335
380.2,0.0008491278784248817
380.40000000000003,0.0008450989357524296
380.6,0.0008447114608482482
380.8,0.0008502060101874157
381.0,0.0008518047132760276
381.2,0.0008482147008536511
381.40000000000003,0.0008528733567834616
381.6,0.0008563599776867656
381.8,0.0008552225375703195
382.0,0.0008618054043739289
382.2,0.0008661779017517591
382.40000000000003,0.0008635167778282998
382.6,0.0008635692609638534
382.8,0.0008695146038102118
383.0,0.0008695330109084188
383.2,0.0008693225557922353
383.40000000000003,0.0008710572732118037
383.6,0.0008733033581330726
383.8,0.0008768710622655988
384.0,0.0008793823843731833
384.2,0.0008837869894751203
384.40000000000003,0.0008857497112319177
384.6,0.0008849785998610213
384.8,0.0008839858713160807
385.0,0.0008830601215029588
385.2,0.0008865585728736545
385.40000000000003,0.0008897403799484089
385.6,0.0008882734624430332
385.8,0.0008921478010538476
386.0,0.0008977746876003131
386.2,0.0008966657252826814
386.40000000000003,0.0009007360188942921
386.6,0.0009030743659033103
386.8,0.000902032559796543
387.0,0.0009032794047866845
387.2,0.0009048188079699157
387.40000000000003,0.0009025784672049859
387.6,0.0009031600209336326
387.8,0.0009052696560167805
388.0,0.0009014204425033409
388.2,0.0009003840746800306
388.40000000000003,0.000902747048402913
388.6,0.0009050212852638701
388.8,0.0009044750722398229
389.0,0.0009047886351599317
389.2,0.0009023869906951036
389.40000000000003,0.0009009119569825058
389.6,0.0009028458414288064
389.8,0.0009052221489428148
390.0,0.0009053346889175306
390.2,0.0009031339757257482
390.40000000000003,0.0009043902468955439
390.6,0.000905956156394289
390.8,0.0009088399972106814
391.0,0.0009136156447284764
391.2,0.0009178504406637066
391.40000000000003,0.0009173778251159767
391.6,0.0009179121312429778
391.8,0.0009200286826135011
392.0,0.0009214973658664816
392.2,0.0009241632928255887
392.40000000000003,0.000928304467686671
392.6,0.0009316791584792832
392.8,0.0009289474019249844
393.0,0.0009301341696797015
393.2,0.0009352475725251712
393.40000000000003,0.0009355698553942772
393.6,0.0009352975597550553
393.8,0.0009376125599704849
394.0,0.0009350522060014119
394.2,0.0009310055694375046
394.40000000000003,0.0009309833552947793
394.6,0.0009295912347557942
394.8,0.0009280736051059614
395.0,0.0009279158647246846
395.2,0.0009278671652943295
395.40000000000003,0.000924386252279426
395.6,0.0009233780137786108
395.8,0.0009251450840931378
396.0,0.0009237840268067929
396.2,0.0009242288449904606
396.40000000000003,0.0009276623197727236
396.6,0.0009259853723549292
396.8,0.0009228632143381297
397.0,0.0009254825023802641
397.2,0.0009225489044325763
397.40000000000003,0.0009201360838307324
397.6,0.000926600256797353
397.8,0.0009318914708261368
398.0,0.000928135565186419
398.2,0.000927939199892553
398.40000000000003,0.000928932791038858
398.6,0.00092769222140905
398.8,0.0009314241623057343
399.0,0.0009346948231061317
399.2,0.0009323872568539296
399.40000000000003,0.0009299780188704006
399.6,0.0009282881148553125
399.8,0.0009258862112233033
400.0,0.000924939238136866
400.2,0.0009297813960789748
400.40000000000003,0.0009359750289585593
400.6,0.0009369234537608294
400.8,0.0009357603555690143
401.0,0.000936150526922369
401.2,0.0009352322057960661
401.40000000000003,0.0009349583760682816
401.6,0.0009398391538346935
401.8,0.0009420942214051567
402.0,0.0009349060739467726
402.2,0.0009354018151686998
402.40000000000003,0.0009375025633794395
402.6,0.0009333568354862988
402.8,0.0009330205208683072
403.0,0.0009375605946386289
403.2,0.0009350563579629936
403.40000000000003,0.0009315530832079516
403.6,0.0009326951593469477
403.8,0.0009338494517699123
404.0,0.0009337320057002023
404.2,0.0009354924908769246
404.40000000000003,0.0009377769602185177
404.6,0.0009345064447357097
404.8,0.0009329864242759625
405.0,0.000936597893647059
405.2,0.000936198073847549
405.40000000000003,0.0009334456355762304
405.6,0.0009365416178001368
405.8,0.0009367050052682853
406.0,0.0009355964099752593
406.2,0.0009397142911548202
406.40000000000003,0.000943379297787227
406.6,0.0009433580667830568
406.8,0.0009441506687359255
407.0,0.0009464074392284344
407.2,0.0009438438750783477
407.40000000000003,0.0009450985982788297
407.6,0.0009485822988978834
407.8,0.0009495853425151171
408.0,0.0009475575759244984
408.2,0.0009500820231444675
408.40000000000003,0.0009486342866327131
408.6,0.0009487068331431976
408.8,0.0009478836952264075
409.0,0.0009484994779069581
409.2,0.0009496231546902421
409.40000000000003,0.0009518407446629491
409.6,0.0009512335232795961
409.8,0.0009543705379361687
410.0,0.0009550324340937708
410.2,0.0009504107443533476
410.40000000000003,0.0009532682751987727
410.6,0.0009578406191984136
410.8,0.0009547308976903728
411.0,0.0009537265383795941
411.2,0.000955884241300952
411.40000000000003,0.0009574445932178883
411.6,0.0009587523602141276
411.8,0.000961750522852607
412.0,0.0009639276652253249
412.2,0.0009650185267426534
412.40000000000003,0.0009663540100733234
412.6,0.0009674909669137283
412.8,0.0009689104357934351
413.0,0.0009707445062436328
413.2,0.0009713314686726342
413.40000000000003,0.0009711545737447036
413.6,0.0009727214310383622
413.8,0.0009761286782261373
414.0,0.0009750079003152182
414.2,0.0009777003319265088
414.40000000000003,0.000976852187262929
414.6,0.000974007406419059
414.8,0.0009725520927268251
415.0,0.0009731695956541463
415.2,0.000972833982881211
415.40000000000003,0.0009714862648923872
415.6,0.0009698992390481922
415.8,0.0009710714551805762
416.0,0.0009711232470219138
416.2,0.0009728850629397612
416.40000000000003,0.0009741784599033732
416.6,0.0009727729472150067
416.8,0.0009724606713554612
417.0,0.0009752582355551798
417.2,0.000977734205981437
417.40000000000003,0.0009787242433059176
417.6,0.0009803726895426556
417.8,0.000982668878222581
418.0,0.0009831467686256137
418.2,0.0009835033616251846
418.40000000000003,0.000985321682810158
418.6,0.000986266379203095
418.8,0.0009864576417891939
419.0,0.0009857984629328788
419.2,0.000988493469051625
419.40000000000003,0.00098653038419712
419.6,0.0009851236629182596
419.8,0.0009870817616973572
420.0,0.000985664257963252
420.2,0.0009859766456879835
420.40000000000003,0.000985919857379744
420.6,0.0009834168089119855
420.8,0.0009831065596600963
421.0,0.0009834812739377902
421.2,0.0009851574704264393
421.40000000000003,0.0009859964372454907
421.6,0.000984860199201402
421.8,0.000986374850417991
422.0,0.0009868478715888166
422.2,0.000984722259766387
422.40000000000003,0.0009836822464074108
422.6,0.0009835678079495678
422.8,0.0009835597803076223
423.0,0.0009840019106137831
423.2,0.000983932538575254
423.40000000000003,0.0009830014087229139
423.6,0.000982363870543449
423.8,0.0009818960558892536
424.0,0.0009805166711530343
424.2,0.0009808136061549213
424.40000000000003,0.0009805755332785993
424.6,0.0009797466477506635
424.8,0.0009795843942712096
425.0,0.0009820228803962344
425.2,0.0009819075657786249
425.40000000000003,0.0009825432171471837
425.6,0.0009840532003285456
425.8,0.0009840829805398733
426.0,0.0009851883449670858
426.2,0.0009874919071545362
426.40000000000003,0.0009877960889614701
426.6,0.000987122517774308
426.8,0.0009917412337580862
427.0,0.0009932892219665056
427.2,0.0009910031389814657
427.40000000000003,0.000991458320830654
427.6,0.0009930335507179944
427.8,0.0009940226683423667
428.0,0.0009981544773950343
428.2,0.0010026737032110763
428.40000000000003,0.001001764371481925
428.6,0.001000457570178212
428.8,0.0010027864143052907
429.0,0.0010040627293391043
429.2,0.0010087267759860828
429.40000000000003,0.0010114274907160215
429.6,0.0010115434454204015
429.8,0.0010113877738798644
430.0,0.0010107807271759884
430.2,0.001012186729316623
430.40000000000003,0.0010139805416901778
430.6,0.0010158693335793304
430.8,0.0010200285242093969
431.0,0.0010212630003196032
431.2,0.0010224722755337206
431.40000000000003,0.0010224527776925567
431.6,0.0010247808785010216
431.8,0.0010264760260371897
432.0,0.0010250716704325524
432.2,0.001026482214900718
432.40000000000003,0.0010287774994200468
432.6,0.0010304007360070356
432.8,0.0010328678908268617
433.0,0.0010378357174170314
433.2,0.001038080691499011
433.40000000000003,0.0010365268530657334
433.6,0.0010376000350234356
433.8,0.0010393866733210213
434.0,0.0010416533303310366
434.2,0.001045067458190978
434.40000000000003,0.0010433878946892133
434.6,0.001041261562702877
434.8,0.0010402590554695675
435.0,0.0010392624450995638
435.2,0.0010413926025799399
435.40000000000003,0.0010438695035079877
435.6,0.0010446451286386573
435.8,0.0010428872561808011
436.0,0.0010376164546215872
436.2,0.0010387429166325666
436.40000000000003,0.0010394208569647883
436.6,0.0010374458658002493
436.8,0.0010400119893857068
437.0,0.0010420075987230203
437.2,0.001039258026633385
437.40000000000003,0.001039011113582747
437.6,0.0010397009615527827
437.8,0.0010375005872263786
438.0,0.0010361449831494923
438.2,0.001036622370306641
438.40000000000003,0.0010350911898028745
438.6,0.001036800309329813
438.8,0.0010393709102052625
439.0,0.0010366460846613155
439.2,0.0010327752265500978
439.40000000000003,0.0010348367607181132
439.6,0.0010339321270246458
439.8,0.0010330391611466506
440.0,0.001035274917559931
440.2,0.0010347279227850526
440.40000000000003,0.0010283440670702886
440.6,0.0010248977059951472
440.8,0.001026844070552449
441.0,0.0010263126205140435
441.2,0.001024577007930668
441.40000000000003,0.0010291899206641517
441.6,0.0010302034524042466
441.8,0.0010268298283149816
442.0,0.0010257900567111262
442.2,0.0010260935916028037
442.40000000000003,0.0010229619691059337
442.6,0.0010224435836979817
442.8,0.0010230533592298697
443.0,0.0010222805523626083
443.2,0.0010241444901873521
443.40000000000003,0.0010274690684445023
443.6,0.0010267989990197749
443.8,0.0010236499972169225
444.0,0.001021453328776896
444.2,0.0010207560123293828
444.40000000000003,0.0010216880492349705
444.6,0.0010254278079925416
444.8,0.0010295762752586927
445.0,0.0010260383121344465
445.2,0.0010205341781929097
445.40000000000003,0.0010207119779388264
445.6,0.0010227745532827488
445.8,0.0010234856284797244
446.0,0.0010248774101593926
446.2,0.0010252066933423279
446.40000000000003,0.001022473237326754
446.6,0.00101895881702626
446.8,0.0010189927942002976
447.0,0.0010196567173480357
447.2,0.001016465005498782
447.40000000000003,0.001017372649168642
447.6,0.001018741513195766
447.8,0.0010197262077634086
448.0,0.0010181442517033209
448.2,0.0010153869957827055
448.40000000000003,0.00101355280026043
448.6,0.001016439652213947
448.8,0.0010152698716874068
449.0,0.0010113091542440981
449.2,0.0010128413340537096
449.40000000000003,0.0010123728148226842
449.6,0.001009793788767145
449.8,0.0010134853728321473
450.0,0.0010136361220054613
450.2,0.0010124320842548695
450.40000000000003,0.001011851583733142
450.6,0.0010103129526720666
450.8,0.001008083030671598
451.0,0.0010060701075142989
451.2,0.0010034933585422573
451.40000000000003,0.001006066617238599
451.6,0.0010062098190134737
451.8,0.0010043254512411115
452.0,0.0010049845534691535
452.2,0.0010054850216990158
452.40000000000003,0.0010012528672694331
452.6,0.001000383869264196
452.8,0.0010034117278866056
453.0,0.0010040636285957249
453.2,0.0010019065559854648
453.40000000000003,0.00100012502568951
453.6,0.0010004501088553448
453.8,0.0010003101762420016
454.0,0.0009972604158917462
454.2,0.000995716686747441
454.40000000000003,0.0009969442776567945
454.6,0.0009964190843189291
454.8,0.000997190645827883
455.0,0.0009958270346320912
455.2,0.0009911754941232204
455.40000000000003,0.000989739816018873
455.6,0.000987772274412509
455.8,0.0009861033187583013
456.0,0.0009880484931130535
456.2,0.000991775327204789
456.40000000000003,0.0009918010438381118
456.6,0.0009882589229727812
456.8,0.000991121460035962
457.0,0.000995195453934287
457.2,0.000997496916189582
457.40000000000003,0.0009981348337853423
457.6,0.0009987651526884545
457.8,0.0009941962952795295
458.0,0.00099337369747763
458.2,0.0009997675073033002
458.40000000000003,0.0009993849724077987
458.6,0.0009997210710968054
458.8,0.0010001904058018994
459.0,0.0009969876963314842
459.2,0.0009964634306558605
459.40000000000003,0.0009983533074938054
459.6,0.0010015537839971286
459.8,0.0010067988351012119
460.0,0.0010073661763920307
460.2,0.0010026185479485327
460.40000000000003,0.0009993776825260982
460.6,0.0010001972775517665
460.8,0.0010020578211675
461.0,0.0010040616419216455
461.2,0.0010062975996296142
461.40000000000003,0.0010044500375038213
461.6,0.0010022689755613402
461.8,0.0010028539553924409
462.0,0.0010043777914643527
462.2,0.001005279390536197
462.40000000000003,0.001005032824320052
462.6,0.0010038719203621952
462.8,0.001000367503908723
463.0,0.0009965751144970442
463.2,0.0009939355655509685
463.40000000000003,0.000996360772181362
463.6,0.0009992056669366621
463.8,0.0010004526910965506
464.0,0.0009974943718995004
464.2,0.000995092117657786
464.40000000000003,0.0009921593978558343
464.6,0.000989958479635809
464.8,0.000988480063954558
465.0,0.0009850001177588645
465.2,0.0009799356737326776
465.40000000000003,0.0009751949529672598
465.6,0.0009738294777137282
465.8,0.0009740835670293248
466.0,0.0009763142998084548
466.2,0.0009766523858915415
466.40000000000003,0.0009755130995169618
466.6,0.000977470195441557
466.8,0.000975607545663304
467.0,0.0009712395563865232
467.2,0.0009696254226923269
467.40000000000003,0.0009695351121707559
467.6,0.0009695522605484731
467.8,0.0009714524952075447
468.0,0.0009715980576746324
468.2,0.0009706029538064899
468.40000000000003,0.000971683806316576
468.6,0.0009730789693482336
468.8,0.0009757413293325524
469.0,0.0009752486242051224
469.2,0.0009763998550276859
469.40000000000003,0.0009815631059969902
469.6,0.0009788710961300543
469.8,0.0009773297428775063
470.0,0.0009806072414739661
470.2,0.0009793672669957444
470.40000000000003,0.0009811972082438257
470.6,0.0009833985751835047
470.8,0.000981491023859006
471.0,0.0009807299479804704
471.2,0.0009839440294294943
471.40000000000003,0.0009848212523380405
471.6,0.0009818761775169996
471.8,0.0009837400889822002
472.0,0.000985351136884507
472.2,0.000983207870439231
472.40000000000003,0.0009882210345961324
472.6,0.0009919672614463564
472.8,0.0009904425369640858
473.0,0.0009886115683098839
473.2,0.0009917215949252123
473.40000000000003,0.0009953522895762349
473.6,0.000995120700509454
473.8,0.0009971744816546304
474.0,0.000997699117304026
474.2,0.0009952621910736766
474.40000000000003,0.0009947598242174283
474.6,0.0009969389202451736
474.8,0.0009980505538987694
475.0,0.0009996032158621122
475.2,0.001001718255556885
475.40000000000003,0.0010027709441215295
475.6,0.0010018506141693268
475.8,0.001003358816437969
476.0,0.001006850900671262
476.2,0.001010792174742718
476.40000000000003,0.001014834018716014
476.6,0.0010168522237094186
476.8,0.001013261104593058
477.0,0.0010131168834077635
477.2,0.0010150711998311108
477.40000000000003,0.001012634417681196
477.6,0.00101235645910782
477.8,0.0010147548352722599
478.0,0.0010138209962590543
478.2,0.0010131648528066595
478.40000000000003,0.0010156517867356987
478.6,0.001017077971389867
478.8,0.0010162806120701021
479.0,0.0010127178102557575
479.2,0.001013359874616021
479.40000000000003,0.0010131622661010392
479.6,0.0010148205731733962
479.8,0.0010158066039574933
480.0,0.0010159848485087808
480.2,0.0010127611236876038
480.40000000000003,0.0010099977509701085
480.6,0.0010093890815841252
480.8,0.0010118541346866151
481.0,0.0010132544733216225
481.2,0.0010127820936715614
481.40000000000003,0.0010130729642851015
481.6,0.001011403014454589
481.8,0.0010075290344550433
482.0,0.0010059782753963256
482.2,0.00100638213799038
482.40000000000003,0.0010071338389865034
482.6,0.0010093970959624019
482.8,0.0010116772467613875
483.0,0.0010073651132148102
483.2,0.0010079348826938024
483.40000000000003,0.0010052504239871965
483.6,0.0009998700670753918
483.8,0.0010001281283853651
484.0,0.0010036679076324674
484.2,0.001001823774163606
484.40000000000003,0.000998668350663637
484.6,0.0009951615835470744
484.8,0.000994207533633198
485.0,0.0009922219582324853
485.2,0.0009931899203992022
485.40000000000003,0.0009965585606179982
485.6,0.000995541341280311
485.8,0.0009920294625922412
486.0,0.0009944302696363028
486.2,0.0009941047000171593
486.40000000000003,0.0009937188939560956
486.6,0.000993374684061879
486.8,0.0009937898836348724
487.0,0.0009972199225042559
487.2,0.0009980030156086657
487.40000000000003,0.0009962611798038457
487.6,0.0009915080992603056
487.8,0.0009900429291332892
488.0,0.0009923762572730697
488.2,0.0009935469567690478
488.40000000000003,0.0009941351513706943
488.6,0.0009926749647816058
488.8,0.0009946294318440914
489.0,0.0009936912936907487
489.2,0.000991574326701604
489.40000000000003,0.0009930018373017764
489.6,0.0009948464121848789
489.8,0.0009929634386333904
490.0,0.000995245237440042
490.2,0.000993713654671726
490.40000000000003,0.000988623520109832
490.6,0.0009904468308807753
490.8,0.0009929039144970508
491.0,0.000992488975338489
491.2,0.0009944915365464645
491.40000000000003,0.0009947266628301356
491.6,0.0009951206008227305
491.8,0.0009972150484854239
492.0,0.0009990914701278376
492.2,0.0010004299962778065
492.40000000000003,0.001001054785678719
492.6,0.0010040484007327727
492.8,0.0010036619895712501
493.0,0.001004502417932921
493.2,0.0010075675093110781
493.40000000000003,0.001008875043230067
493.6,0.0010095015464985384
493.8,0.001012341583646126
494.0,0.0010133785218467398
494.2,0.0010132727018546752
494.40000000000003,0.0010106972238222405
494.6,0.001010931714433521
494.8,0.001012671676206472
495.0,0.0010133641078649365
495.2,0.0010118867998409964
495.40000000000003,0.0010116563132448043
495.6,0.001012618397328615
495.8,0.0010112068725154715
496.0,0.001010390465346165
496.2,0.0010092292939956205
496.40000000000003,0.001008340558727231
496.6,0.0010087395166578327
496.8,0.0010055384774106358
497.0,0.0010047247351907694
497.2,0.0010032505162374335
497.40000000000003,0.00100031034977078
497.6,0.0010012382569206779
497.8,0.001000948610935962
498.0,0.000998704428283993
498.2,0.0009966449413454084
498.40000000000003,0.0009976452462281812
498.6,0.0009968398996748119
498.8,0.0009973094795896708
499.0,0.0010002088574575993
499.2,0.0009981907167293908
499.40000000000003,0.0009947210734624738
499.6,0.000992654830903568
499.8,0.0009931474577978237
500.0,0.000996823931853929
500.2,0.0010000655373417471
500.40000000000003,0.0010020069933220001
500.6,0.0010006420095916033
500.8,0.0010013514024005377
501.0,0.0010031094007315335
501.2,0.001001239333649962
501.40000000000003,0.001003715645334245
501.6,0.0010063759272480196
501.8,0.00100307568435612
502.0,0.0010030778650940457
502.2,0.0010023461792489038
502.40000000000003,0.0010012313202669295
502.6,0.001004305903422302
502.8,0.001005776500632564
503.0,0.0010032573691626033
503.2,0.0010037928532650325
503.40000000000003,0.0010055123107565228
503.6,0.001007255556411596
503.8,0.001009514750013605
504.0,0.0010112596857082112
504.2,0.0010094215690283359
504.40000000000003,0.0010092266829284254
504.6,0.0010126361551397085
504.8,0.0010113952630605631
505.0,0.001010687972988671
505.2,0.0010165252997389423
505.40000000000003,0.0010154033927137894
505.6,0.0010116060885567851
505.8,0.0010176812867438417
506.0,0.0010195633606023167
506.2,0.001015053008902828
506.40000000000003,0.0010182453293012986
506.6,0.001019525445006074
506.8,0.0010165310229697175
507.0,0.0010199105537218272
507.2,0.0010243166009442914
507.40000000000003,0.0010223668182452504
507.6,0.0010219097471124542
507.8,0.0010265088442087504
508.0,0.0010238118183475886
508.2,0.0010240460283759375
508.40000000000003,0.0010278334402379946
508.6,0.0010247669928469105
508.8,0.0010269932428731796
509.0,0.0010320481817971791
509.2,0.0010295473982240978
509.40000000000003,0.0010256481804107318
509.6,0.001029168087146481
509.8,0.0010324137770427373
510.0,0.0010325225381675929
510.2,0.001034649553141342
510.40000000000003,0.0010344654225383466
510.6,0.0010328076863723831
510.8,0.001032267707236172
511.0,0.001035074047448735
511.2,0.0010380142891648289
511.40000000000003,0.0010361575186010824
511.6,0.001033726040437536
511.8,0.0010337816654940597
512.0,0.0010339569600097726
512.2,0.0010367755062070207
512.4,0.0010394537249592052
512.6,0.0010400214590616265
512.8,0.0010399832820077698
513.0,0.001040878013659712
513.2,0.0010404623137801239
513.4,0.0010386134434313646
513.6,0.0010375430052778477
513.8,0.0010409827159378994
514.0,0.0010420768767170185
514.2,0.001037956477415406
514.4,0.0010394978356045588
514.6,0.0010372432733109103
514.8,0.001032265312353644
515.0,0.00103111698410502
515.2,0.0010325726346209411
515.4,0.0010304613738556683
515.6,0.0010337937600461893
515.8,0.0010383590534967504
516.0,0.0010348709373965257
516.2,0.0010305136846100107
516.4,0.0010322274369195489
516.6,0.0010336524399058799
516.8,0.0010309864955908448
517.0,0.00103172502606034
517.2,0.0010313187018220898
517.4,0.0010283378350666782
517.6,0.0010276162915762192
517.8,0.0010261666671687547
518.0,0.0010263481661099486
518.2,0.0010271286809102821
518.4,0.001028862243404252
518.6,0.0010305167528093912
518.8,0.0010289750511732075
519.0,0.0010241637235015118
519.2,0.001020474968730152
519.4,0.0010207630985773345
519.6,0.0010232100724246911
519.8,0.0010242226230579889
520.0,0.0010242767193960989
520.2,0.0010218588374709104
520.4,0.001015682294661598
520.6,0.0010172925975764837
520.8,0.0010226239053578413
521.0,0.0010234032468070954
521.2,0.0010231271680118442
521.4,0.0010228933815146764
521.6,0.0010225526405387988
521.8,0.0010203741814206154
522.0,0.0010220200028894827
522.2,0.0010233023353138496
522.4,0.0010227753798185447
522.6,0.0010208919215199549
522.8,0.001020173650873875
523.0,0.0010229801949884992
523.2,0.0010215593738816084
523.4,0.0010185896924925393
523.6,0.001017723701622406
523.8,0.0010181619884209172
524.0,0.0010168240317043541
524.2,0.0010158549617218363
524.4,0.0010190129871581375
524.6,0.0010174919736202289
524.8,0.0010161965539750477
525.0,0.0010222440042201226
525.2,0.0010241922425990413
525.4,0.0010223458730082614
525.6,0.0010234928495608646
525.8,0.0010258205991262764
526.0,0.0010239019116850248
526.2,0.0010217984249656406
526.4,0.0010264495549532281
526.6,0.0010268958191839768
526.8,0.001024688788589519
527.0,0.0010254060779476216
527.2,0.0010240760817835399
527.4,0.0010220948255703984
527.6,0.0010232029777743898
527.8,0.0010257201422868647
528.0,0.001026038135783961
528.2,0.0010254692323983876
528.4,0.0010275319791302547
528.6,0.0010291860718420968
528.8,0.0010262562597859117
529.0,0.0010239856624207151
529.2,0.001024350112680982
529.4,0.0010237398285996477
529.6,0.001025941302688604
529.8,0.0010283187105649422
530.0,0.0010279505367902615
530.2,0.0010301107842225436
530.4,0.0010303111564920052
530.6,0.001028504452086469
530.8,0.0010292820058148955
531.0,0.001032056383766735
531.2,0.0010354047948078389
531.4,0.0010376606396463332
531.6,0.0010392015653714042
531.8,0.0010429532223324098
532.0,0.0010462047717620703
532.2,0.0010439657537733287
532.4,0.0010482925184064765
532.6,0.0010520866221498774
532.8,0.001051100417005054
533.0,0.0010491384443046565
533.2,0.0010519690925475565
533.4,0.00105419737478031
533.6,0.0010509848181083441
533.8,0.0010526442128816259
534.0,0.0010529133215812672
534.2,0.0010508740605753295
534.4,0.00105123356660567
534.6,0.001053750502217711
534.8,0.0010506285054813927
535.0,0.001048292871207607
535.2,0.0010499376840118508
535.4,0.001049716435335959
535.6,0.0010494682363634367
535.8,0.0010519085751648268
536.0,0.0010510000233705285
536.2,0.0010512852586552432
536.4,0.0010556851746556266
536.6,0.0010584109279844923
536.8,0.0010601725683790355
537.0,0.0010602764395217419
537.2,0.001061347104667541
537.4,0.001065220793199802
537.6,0.001067392724129484
537.8,0.0010653083215890896
538.0,0.0010675916220455907
538.2,0.0010708575018100383
538.4,0.0010706678917651437
538.6,0.001069637668739004
538.8,0.001067533049502596
539.0,0.001068501521008113
539.2,0.0010696239264805301
539.4,0.001070846970202469
539.6,0.0010676834724030542
539.8,0.001065939087016975
540.0,0.0010657962203966358
540.2,0.001064464302989578
540.4,0.001067337616726512
540.6,0.0010716568219317638
540.8,0.0010688508598771446
541.0,0.0010676016254109423
541.2,0.0010696653113142244
541.4,0.001071931575291942
541.6,0.0010723664083317453
541.8,0.0010739767735478839
542.0,0.001071818587096151
542.2,0.0010682996569276258
542.4,0.0010631939219081785
542.6,0.0010596692558156283
542.8,0.0010599881620491005
543.0,0.0010595209543610143
543.2,0.001057923198247057
543.4,0.0010547051210087245
543.6,0.0010545360300308392
543.8,0.001054872197510296
544.0,0.00105691390469967
544.2,0.0010595334988625978
544.4,0.0010613903291268752
544.6,0.0010592468449882714
544.8,0.0010553332789868535
545.0,0.0010556387764100018
545.2,0.0010584342027966994
545.4,0.0010597667135428146
545.6,0.0010602139166601416
545.8,0.001058694793841919
546.0,0.0010570279896258436
546.2,0.001057616551890286
546.4,0.0010610772387239715
546.6,0.0010623822617552763
546.8000000000001,0.0010593058533222685
547.0,0.0010597043522597373
547.2,0.0010602222721921518
547.4,0.0010602382896221698
547.6,0.0010623203629952216
547.8000000000001,0.001064718166963119
548.0,0.0010652286007318751
548.2,0.0010646573684007822
548.4,0.0010643416775890722
548.6,0.0010622639852666757
548.8000000000001,0.001064665582895867
549.0,0.0010648227136317039
549.2,0.0010610601087461533
549.4,0.00106458934690102
549.6,0.0010657392308885882
549.8000000000001,0.001062055902578042
550.0,0.0010656140617066152
550.2,0.0010686960345585
550.4,0.0010684579311690645
550.6,0.001069149057890516
550.8000000000001,0.0010690736927491142
551.0,0.0010656810899649877
551.2,0.001067062170340247
551.4,0.0010716111066873966
551.6,0.0010737795650185538
551.8000000000001,0.001074267959659694
552.0,0.0010754402382262495
552.2,0.001072027052254672
552.4,0.0010700429988827903
552.6,0.0010777360069037366
552.8000000000001,0.0010811526349555631
553.0,0.001079192524820083
553.2,0.0010770720500320444
553.4,0.001078127591002451
553.6,0.001074770137198238
553.8000000000001,0.0010716417690848157
554.0,0.001077072993165979
554.2,0.0010812622986261097
554.4,0.0010775512387888664
554.6,0.0010779171094839205
554.8000000000001,0.0010802367917773855
555.0,0.0010770496293055908
555.2,0.0010750733659881293
555.4,0.0010751801494788536
555.6,0.0010756701422158447
555.8000000000001,0.0010709209114317492
556.0,0.0010704886217332585
556.2,0.0010678936706496882
556.4,0.0010668906761631964
556.6,0.0010668685195315871
556.8000000000001,0.0010676531272580051
557.0,0.0010681685931260463
557.2,0.0010680782248034047
557.4,0.0010701638408255577
557.6,0.001071307671738786
557.8000000000001,0.0010686225085767807
558.0,0.0010698907555496834
558.2,0.0010706875122112474
558.4,0.0010651671033760411
558.6,0.001063366134695906
558.8000000000001,0.0010667586036585577
559.0,0.0010649596529230857
559.2,0.0010612193894570055
559.4,0.0010610620718668486
559.6,0.001060664504984943
559.8000000000001,0.001056155877829826
560.0,0.0010588270975532246
560.2,0.0010596789206094124
560.4,0.0010576762982622769
560.6,0.0010574728667602415
560.8000000000001,0.0010568068845376749
561.0,0.0010548562412972273
561.2,0.0010565970891746339
561.4,0.001059420984077213
561.6,0.001056987082068538
561.8000000000001,0.0010581247047614796
562.0,0.0010630424589288588
562.2,0.001063582036501237
562.4,0.0010605930063340167
562.6,0.0010631709967674915
562.8000000000001,0.0010678135631756152
563.0,0.0010654611689145477
563.2,0.0010647710842155214
563.4,0.0010659989085548996
563.6,0.0010629643646346257
563.8000000000001,0.0010597409517913506
564.0,0.001065945426143388
564.2,0.0010664280298961905
564.4,0.0010647642511131467
564.6,0.0010681773649186053
564.8000000000001,0.0010662074353091967
565.0,0.0010612059748016619
565.2,0.0010592724497632783
565.4,0.0010592659756948914
565.6,0.0010583366313013343
565.8000000000001,0.0010576907615777271
566.0,0.0010572766021283604
566.2,0.0010555273230481112
566.4,0.001049195678876685
566.6,0.0010482944671607918
566.8000000000001,0.0010487229646765983
567.0,0.0010492097447003744
567.2,0.0010503073771696314
567.4,0.001049243578100979
567.6,0.0010468791057668648
567.8000000000001,0.0010431852421930697
568.0,0.001043651149388212
568.2,0.0010456772032867495
568.4,0.0010453436061359557
568.6,0.0010451735361111298
568.8000000000001,0.001048495820840767
569.0,0.0010410775790627455
569.2,0.0010392627735873064
569.4,0.001043334570738428
569.6,0.0010429416941815416
569.8000000000001,0.0010421378816386744
570.0,0.0010450108587791824
570.2,0.001044989594101688
570.4,0.0010432040688022836
570.6,0.001044273514927676
570.8000000000001,0.0010484303217983485
571.0,0.0010469553531046293
571.2,0.001043993600341315
571.4,0.0010441911780124872
571.6,0.0010457489893686963
571.8000000000001,0.0010402960152018801
572.0,0.0010388114499888996
572.2,0.0010426793807649867
572.4,0.0010431905356405205
572.6,0.0010438672879819772
572.8000000000001,0.0010448953516944736
573.0,0.001042185190580541
573.2,0.0010371613036297654
573.4,0.001037349753518225
573.6,0.00103830776359831
573.8000000000001,0.0010367802289094083
574.0,0.0010350844355617535
574.2,0.0010336855378069113
574.4,0.0010297675117290034
574.6,0.0010269413323535064
574.8000000000001,0.0010266902018613762
575.0,0.0010258770763853936
575.2,0.0010221534007218355
575.4,0.00102518313685247
575.6,0.0010237040983811202
575.8000000000001,0.0010185387961637842
576.0,0.0010190807488936944
576.2,0.0010205871342653155
576.4,0.001017239059771017
576.6,0.0010149956850807732
576.8000000000001,0.0010180536377427617
577.0,0.0010169419359085195
577.2,0.0010144718036118098
577.4,0.0010151237304822493
577.6,0.0010122528951076852
577.8000000000001,0.0010110842340079378
578.0,0.0010111668534021412
578.2,0.0010124634277203478
578.4,0.0010128131268082828
578.6,0.001008751806463068
578.8000000000001,0.0010093626216594632
579.0,0.0010112747624507487
579.2,0.0010076722351998752
579.4,0.001005994528793484
579.6,0.0010052480625637173
579.8000000000001,0.001003129605940512
580.0,0.0010034947470503532
580.2,0.001005937857119683
580.4,0.0010004285524016746
580.6,0.0009973619520620906
580.8000000000001,0.0010033189553531126
581.0,0.0010004378201113522
581.2,0.0009950437543649346
581.4,0.000993589129046346
581.6,0.0009913698947059339
581.8000000000001,0.0009876418783550465
582.0,0.0009891664306235343
582.2,0.0009891950993073482
582.4,0.0009835986472426503
582.6,0.0009846205071254346
582.8000000000001,0.000988090675994948
583.0,0.0009860883175465411
583.2,0.0009892678841561713
583.4,0.0009920777474152142
583.6,0.0009868342248495689
583.8000000000001,0.000985898513337626
584.0,0.0009895915985286613
584.2,0.0009864795480737897
584.4,0.0009845314148370225
584.6,0.0009882156827270604
584.8000000000001,0.0009854587666609316
585.0,0.0009790847952555824
585.2,0.0009780168223078604
585.4,0.0009778716854683717
585.6,0.0009760225890041769
585.8000000000001,0.0009770505869366728
586.0,0.000975528518561897
586.2,0.0009683540714934099
586.4,0.00096430297885378
586.6,0.0009669394238209345
586.8000000000001,0.0009657160399850597
587.0,0.0009620216412252206
587.2,0.0009625346413667548
587.4,0.0009593202098402634
587.6,0.0009541625236034783
587.8000000000001,0.0009542051739242138
588.0,0.0009546016859136959
588.2,0.0009504116261648646
588.4,0.0009487824161380211
588.6,0.0009470065055137223
588.8000000000001,0.0009430253312537838
589.0,0.0009402366068602243
589.2,0.0009389584670550447
589.4,0.0009362902114348842
589.6,0.0009395111913276771
589.8000000000001,0.000940541009606665
590.0,0.0009393627827648714
590.2,0.0009397959161335359
590.4,0.0009421484278414553
590.6,0.0009418603161427752
590.8000000000001,0.0009451201110206553
591.0,0.0009488098708436641
591.2,0.0009440357075730594
591.4,0.0009438590420904982
591.6,0.0009443653924470998
591.8000000000001,0.0009420454804216359
592.0,0.0009444696344156172
592.2,0.0009479123695060229
592.4,0.0009448305844852232
592.6,0.0009428050069357357
592.8000000000001,0.0009424422070472599
593.0,0.0009398601857486604
593.2,0.0009391055606810956
593.4,0.000940194528924587
593.6,0.0009370436622346293
593.8000000000001,0.0009347265692579956
594.0,0.000934082189114031
594.2,0.0009339199239429368
594.4,0.0009342574576367177
594.6,0.0009361426873992552
594.8000000000001,0.0009404704614399029
595.0,0.0009346907023896222
595.2,0.0009312793483561119
595.4,0.0009351725696585863
595.6,0.0009324213756322382
595.8000000000001,0.0009261167521600853
596.0,0.0009271768514805852
596.2,0.0009293200827381038
596.4,0.0009270707978238427
596.6,0.0009258895445303738
596.8000000000001,0.0009275865173625106
597.0,0.0009259767823545912
597.2,0.0009231409406850686
597.4,0.0009261844054863731
597.6,0.0009275440353611229
597.8000000000001,0.0009258051997321565
598.0,0.0009237578550266108
598.2,0.0009223026483490602
598.4,0.0009228067118974633
598.6,0.000922371223819499
598.8000000000001,0.0009247969092001931
599.0,0.000925656388461595
599.2,0.0009237413941617724
599.4,0.000921062872219262
599.6,0.0009227202230876918
599.8000000000001,0.0009210867396631794
600.0,0.0009205353855100782
600.2,0.0009214257611757868
600.4,0.0009209091537027131
600.6,0.0009203674038776145
600.8000000000001,0.0009181602150199091
601.0,0.0009184018095030965
601.2,0.0009192879380603258
601.4,0.0009185393687761685
601.6,0.0009174266612010333
601.8000000000001,0.0009160839755071671
602.0,0.0009119948062873455
602.2,0.0009066621959425802
602.4,0.0009078128868175925
602.6,0.0009106358630911462
602.8000000000001,0.0009099514798269118
603.0,0.0009129625301980438
603.2,0.0009125492181883249
603.4,0.0009086813784725323
603.6,0.0009106574309350818
603.8000000000001,0.000912592060190225
604.0,0.0009124561056143476
604.2,0.000915645699974681
604.4,0.0009210297839545698
604.6,0.0009246247570196214
604.8000000000001,0.0009253536864373828
605.0,0.0009219355555895704
605.2,0.0009192559981809869
605.4,0.000921349709420265
605.6,0.0009257770823796762
605.8000000000001,0.0009260500378541881
606.0,0.0009255996401167644
606.2,0.0009228016875721748
606.4,0.0009218030355687418
606.6,0.0009199187400244065
606.8000000000001,0.0009236249115372383
607.0,0.0009312737116937658
607.2,0.0009340448512462257
607.4,0.0009319550865274738
607.6,0.0009325540456753843
607.8000000000001,0.0009314212784018965
608.0,0.0009325026969464831
608.2,0.000934304378233618
608.4,0.0009361146954948851
608.6,0.0009355963148423198
608.8000000000001,0.0009299483344875845
609.0,0.0009279201145346996
609.2,0.0009303533584204408
609.4,0.0009310392868273235
609.6,0.0009296464871784402
609.8000000000001,0.0009274614776344958
610.0,0.0009268144769609378
610.2,0.0009265709056172837
610.4,0.000928158229346882
610.6,0.000930976187072394
610.8000000000001,0.0009324267134034023
611.0,0.0009301761547466101
611.2,0.000932066433645874
611.4,0.0009349299818120886
611.6,0.0009359443194403717
611.8000000000001,0.0009388099000760705
612.0,0.0009386897112018085
612.2,0.0009385200967227474
612.4,0.0009381545321184928
612.6,0.0009399459765631897
612.8000000000001,0.0009418641005329733
613.0,0.0009454953720746493
613.2,0.000944434922709992
613.4,0.0009440271523222272
613.6,0.0009430038539943824
613.8000000000001,0.0009454081236160831
614.0,0.0009485084174319794
614.2,0.0009516903985193176
614.4,0.0009527187493247862
614.6,0.000951362275245538
614.8000000000001,0.0009534774771123558
615.0,0.0009558978590384814
615.2,0.0009566048901851999
615.4,0.0009549481521676307
615.6,0.0009528344762792623
615.8000000000001,0.00095449502023343
616.0,0.0009567054578075468
616.2,0.0009564019056336668
616.4,0.0009559736170048886
616.6,0.0009574989928901674
616.8000000000001,0.0009544910690027229
617.0,0.000953298881013325
617.2,0.0009567363053384829
617.4,0.0009563570961378265
617.6,0.0009564757883560566
617.8000000000001,0.0009595732225784957
618.0,0.0009594947976253491
618.2,0.0009573994052461173
618.4,0.0009615296755021794
618.6,0.0009648545049397942
618.8000000000001,0.000960840535107054
619.0,0.0009603835036409827
619.2,0.0009597918007074083
619.4,0.0009569376213923911
619.6,0.0009535457553811538
619.8000000000001,0.0009541271837211272
620.0,0.0009571208065461429
620.2,0.0009589311013595543
620.4,0.0009587174460417824
620.6,0.0009599125565698026
620.8000000000001,0.0009629265031921676
621.0,0.0009635475418942634
621.2,0.0009628856918351668
621.4,0.0009624343138924875
621.6,0.0009639510163957809
621.8000000000001,0.0009675297152111644
622.0,0.0009695671962515178
622.2,0.0009695568443034545
622.4,0.0009699563843171553
622.6,0.0009706558662116191
622.8000000000001,0.0009690284229271882
623.0,0.0009730482904430125
623.2,0.0009754830356621603
623.4,0.0009745890339656806
623.6,0.0009778089271909262
623.8000000000001,0.0009799286078908567
624.0,0.0009805792609798344
624.2,0.0009829336713261076
624.4,0.0009838928267378838
624.6,0.0009834283358742966
624.8000000000001,0.0009831629640153423
625.0,0.000985093417400035
625.2,0.0009854483862843796
625.4,0.0009864449233388277
625.6,0.0009889861161493272
625.8000000000001,0.0009904976394326948
626.0,0.0009917664747067898
626.2,0.0009943248553135285
626.4,0.000995457179960216
626.6,0.0009966797121408301
626.8000000000001,0.0009964751979991287
627.0,0.000999919769678949
627.2,0.0010023269898823102
627.4,0.001000966862042317
627.6,0.0010039205436033923
627.8000000000001,0.0010061011315801334
628.0,0.0010053054072474811
628.2,0.0010045064716101137
628.4,0.0010095192177333478
628.6,0.0010113107380557915
628.8000000000001,0.0010125906844080555
629.0,0.0010128439946195222
629.2,0.0010125363302473862
629.4,0.001015501497003627
629.6,0.0010188850646066854
629.8000000000001,0.0010218101054738464
630.0,0.0010245750397915967
630.2,0.0010260747006016464
630.4,0.001029682193214814
630.6,0.001034162177087617
630.8000000000001,0.0010342266587485738
631.0,0.0010345932592333788
631.2,0.001038584034250174
631.4,0.0010361524475883635
631.6,0.0010360028366353871
631.8000000000001,0.001039180206714587
632.0,0.0010368566951733486
632.2,0.0010344520167262041
632.4,0.0010391022570983347
632.6,0.001040947658801376
632.8000000000001,0.0010386882103965486
633.0,0.0010385039994670131
633.2,0.0010402744729750885
633.4,0.001039060540538421
633.6,0.001042600688203334
633.8000000000001,0.0010440990094272436
634.0,0.0010437605552343439
634.2,0.0010462561917087489
634.4,0.0010429732361186648
634.6,0.0010371010321251705
634.8000000000001,0.0010387014482025024
635.0,0.0010428025533575913
635.2,0.001041429998770178
635.4,0.001042679647069512
635.6,0.0010446113006046245
635.8000000000001,0.0010450738816062575
636.0,0.0010458283353351264
636.2,0.0010504997413604907
636.4,0.001052947612878484
636.6,0.0010553361518771608
636.8000000000001,0.0010609322682958017
637.0,0.0010623589883205996
637.2,0.0010623164760595375
637.4,0.0010624797177187673
637.6,0.0010638945193520836
637.8000000000001,0.0010637583442716092
638.0,0.0010658946926900492
638.2,0.0010651659899797142
638.4,0.0010676700551188576
638.6,0.001067654365806646
638.8000000000001,0.0010650776252015932
639.0,0.001067161352731022
639.2,0.0010701955935944435
639.4,0.0010712321711501239
639.6,0.0010739827719218025
639.8000000000001,0.0010770704864122675
640.0,0.0010790792114653655
640.2,0.0010781726147542085
640.4,0.0010807526620170728
640.6,0.0010852217485051434
640.8000000000001,0.0010887649545794392
641.0,0.001091294775256218
641.2,0.0010930041980763514
641.4,0.0010918355151949344
641.6,0.0010935379785146362
641.8000000000001,0.0010985497549386883
642.0,0.0010982782636623479
642.2,0.001098437331350127
642.4,0.0010977722968138711
642.6,0.0010965995537337626
642.8000000000001,0.0010953452378951762
643.0,0.0010963182377629003
643.2,0.0010982945795380262
643.4,0.0011001371066337508
643.6,0.0010988917440146286
643.8000000000001,0.0010970163326267442
644.0,0.0010978620205556561
644.2,0.0010980545472676036
644.4,0.0010952369794348053
644.6,0.001096128438906814
644.8000000000001,0.0010984833957973486
645.0,0.0010981344596241087
645.2,0.0010951021982855394
645.4,0.0010951882133454715
645.6,0.0010954792469187495
645.8000000000001,0.0010964339340765277
646.0,0.0010957045987568092
646.2,0.0010953747485200806
646.4,0.0010920378951527457
646.6,0.0010912025097153846
646.8000000000001,0.0010940524319254233
647.0,0.0010945646630384168
647.2,0.0010916329134165426
647.4,0.0010916280563641506
647.6,0.001087846354056581
647.8000000000001,0.0010841111589623702
648.0,0.0010852783206863447
648.2,0.0010875379474182911
648.4,0.0010862223016811928
648.6,0.0010852802246868634
648.8000000000001,0.0010880598947333364
649.0,0.0010901798702329041
649.2,0.0010930862576385436
649.4,0.0010973580022888103
649.6,0.0010985203119760522
649.8000000000001,0.001094436261758702
650.0,0.0010954278589168137
650.2,0.0010992127593203208
650.4,0.001097682840528943
650.6,0.0010989941602001288
650.8000000000001,0.0011024718424528462
651.0,0.0011031083644543244
651.2,0.0011028668548664715
651.4,0.0011089083627248211
651.6,0.0011143256239449224
651.8000000000001,0.0011139814368870406
652.0,0.0011144814787268642
652.2,0.001116439953120155
652.4,0.0011142737235508833
652.6,0.0011114535765299992
652.8000000000001,0.001115865080350225
653.0,0.0011204826482249532
653.2,0.0011233433299761392
653.4,0.0011286224061373995
653.6,0.0011301112054040788
653.8000000000001,0.0011244973481663904
654.0,0.001123611664787144
654.2,0.0011261992615348934
654.4,0.0011252650292076251
654.6,0.0011296453779211118
654.8000000000001,0.001137961880457965
655.0,0.0011406740014164429
655.2,0.0011397888185889604
655.4,0.001138229684954066
655.6,0.0011419477112881969
655.8000000000001,0.0011433715455036384
656.0,0.0011461204537120682
656.2,0.0011475593318589058
656.4,0.001143219639396697
656.6,0.0011414579120486953
656.8000000000001,0.001143588744393344
657.0,0.0011457991400325943
657.2,0.001149318125149642
657.4,0.0011519706103486089
657.6,0.0011526011498459053
657.8000000000001,0.0011547246756513584
658.0,0.0011504437485389978
658.2,0.0011504624739739362
658.4,0.0011539445775573104
658.6,0.0011570086136882948
658.8000000000001,0.0011586099085338524
659.0,0.001159522556035401
659.2,0.0011604482211430998
659.4,0.0011586820794704555
659.6,0.001158178810132755
659.8000000000001,0.001161743750025842
660.0,0.0011614692373171599
660.2,0.0011628954767414228
660.4,0.0011678817127556394
660.6,0.0011667496156245614
660.8000000000001,0.0011680430029905806
661.0,0.0011694966305756792
661.2,0.0011683837160087092
661.4,0.0011713294908240871
661.6,0.0011713097623914205
661.8000000000001,0.0011700405550716991
662.0,0.0011716262636338555
662.2,0.0011714733046324507
662.4,0.001169023843656639
662.6,0.0011719803757013864
662.8000000000001,0.0011748651090983516
663.0,0.0011714674425981416
663.2,0.0011709834064429691
663.4,0.0011720999931029723
663.6,0.0011714334460718645
663.8000000000001,0.001170547825202646
664.0,0.001172686119021143
664.2,0.0011734777398552962
664.4,0.0011738828438896578
664.6,0.0011758379554735125
664.8000000000001,0.001178705364458356
665.0,0.0011780570582049876
665.2,0.0011817967557601573
665.4,0.0011842685256329445
665.6,0.001183974798676091
665.8000000000001,0.0011861311686888105
666.0,0.0011860750373508325
666.2,0.001189509182632343
666.4,0.0011936578225559592
666.6,0.0011953331793278625
666.8000000000001,0.0011979391545790274
667.0,0.0011971505046575498
667.2,0.0011950821717907304
667.4,0.0011976392980451486
667.6,0.0011994581040612139
667.8000000000001,0.0011979280914740911
668.0,0.0011961977119087938
668.2,0.001195213480461971
668.4,0.0011959143391120529
668.6,0.0011969271364818564
668.8000000000001,0.0012010272573233214
669.0,0.0011987583986221414
669.2,0.0011979053434304113
669.4,0.001201088632899252
669.6,0.0012006035290032298
669.8000000000001,0.001199608199050041
670.0,0.0012040167025211053
670.2,0.0012023251613777028
670.4,0.001198896445213586
670.6,0.0011990492650859198
670.8000000000001,0.0012020257477765059
671.0,0.0012019760204683035
671.2,0.0012009325473452007
671.4,0.0012049811981995852
671.6,0.0012072377593448061
671.8000000000001,0.001204367548194152
672.0,0.0012056022058112533
672.2,0.0012104104525245784
672.4,0.0012057027872744903
672.6,0.001203509964367148
672.8000000000001,0.0012116722381382854
673.0,0.0012138434941861252
673.2,0.0012142249801737732
673.4,0.0012187256417252373
673.6,0.00122076779882557
673.8000000000001,0.0012173584421826394
674.0,0.0012179873949380272
674.2,0.0012199805472913943
674.4,0.001221714321826603
674.6,0.001222794579392937
674.8000000000001,0.001224067665692006
675.0,0.0012196189190733175
675.2,0.0012165222669137216
675.4,0.0012199580223616873
675.6,0.0012216269191876105
675.8000000000001,0.0012204003707117406
676.0,0.0012220724252821362
676.2,0.0012187952090345823
676.4,0.0012158988205581043
676.6,0.0012161337127638476
676.8000000000001,0.0012163885460153973
677.0,0.0012173312823786399
677.2,0.00121754439100653
677.4,0.0012216893744888616
677.6,0.0012213255072908847
677.8000000000001,0.0012142947403353305
678.0,0.0012137521691295867
678.2,0.0012156065782835544
678.4,0.0012128849169540685
678.6,0.0012173989026165526
678.8000000000001,0.0012198111713497568
679.0,0.0012183064597132227
679.2,0.0012166474899346809
679.4,0.0012173693272957858
679.6,0.0012188117972436068
679.8000000000001,0.0012155661482628082
680.0,0.0012142002395396814
680.2,0.0012154634732429233
680.4,0.0012175791384155385
680.6,0.0012163519715858763
680.8000000000001,0.001217755778054773
681.0,0.0012181956067612407
681.2,0.0012149667972115852
681.4,0.001213121935838564
681.6,0.0012121715400421438
681.8000000000001,0.0012093136623230508
682.0,0.0012101348326950673
682.2,0.001212236332750742
682.4,0.001211998493535161
682.6,0.0012128701453265032
682.8000000000001,0.0012145220243672636
683.0,0.0012146309314022344
683.2,0.0012116552750656192
683.4,0.0012167295137603246
683.6,0.0012194752704208602
683.8000000000001,0.0012179434149836596
684.0,0.0012194331193384905
684.2,0.001219200796658359
684.4,0.0012190874018647164
684.6,0.0012226897727225965
684.8000000000001,0.001226770429960672
685.0,0.0012286940515543274
685.2,0.0012309541825228911
685.4,0.0012357700548875604
685.6,0.0012362904509784984
685.8000000000001,0.001235446140486919
686.0,0.0012357007234042982
686.2,0.0012345737263234253
686.4,0.0012323230644929876
686.6,0.0012336990792687368
686.8000000000001,0.0012374369617405632
687.0,0.0012343289634767851
687.2,0.0012308321947490514
687.4,0.0012302593140931953
687.6,0.0012289763239442639
687.8000000000001,0.0012281005487256185
688.0,0.0012288390764054692
688.2,0.0012260323459403074
688.4,0.0012216626484720583
688.6,0.0012233880291501451
688.8000000000001,0.001223927132753047
689.0,0.0012212059546563303
689.2,0.0012197990768577436
689.4,0.0012205505617392599
689.6,0.0012221943300438148
689.8000000000001,0.0012213799983034667
690.0,0.0012185506467099394
690.2,0.0012160179116394597
690.4,0.0012168269817275836
690.6,0.0012204251080475334
690.8000000000001,0.0012231103969454326
691.0,0.0012250780648171008
691.2,0.0012223402419526761
691.4,0.0012191635309404744
691.6,0.0012201625934244022
691.8000000000001,0.0012183085579920419
692.0,0.0012168393741079737
692.2,0.0012181209187715342
692.4,0.0012154991227800625
692.6,0.0012084457016256606
692.8000000000001,0.001208344655708626
693.0,0.001210040759013273
693.2,0.0012082432649212795
693.4,0.0012082717247816923
693.6,0.0012089671935831547
693.8000000000001,0.0012046178490061372
694.0,0.001201388177606493
694.2,0.0011974965560565276
694.4,0.0011939124192501618
694.6,0.0011967131222022117
694.8000000000001,0.0011946757180610799
695.0,0.0011929883085687217
695.2,0.0011908473621303024
695.4,0.0011861766296278617
695.6,0.0011847566822759557
695.8000000000001,0.0011874191214475886
696.0,0.0011885714820384253
696.2,0.001185491665912123
696.4,0.0011862040808923921
696.6,0.0011857438377941363
696.8000000000001,0.001182127857738853
697.0,0.0011804233091204572
697.2,0.0011795502754611451
697.4,0.0011798460827472277
697.6,0.0011806323116064193
697.8000000000001,0.0011797469989542578
698.0,0.0011803386258481437
698.2,0.0011802903740023745
698.4,0.0011832055385906524
698.6,0.0011815592064278913
698.8000000000001,0.0011761691939906423
699.0,0.0011730193772741544
699.2,0.0011755691942196152
699.4,0.0011772654577140759
699.6,0.00117922621712363
699.8000000000001,0.0011806199872312817
700.0,0.0011815955093351937
700.2,0.0011789398861046657
700.4,0.001178240072266237
700.6,0.0011803482926068813
700.8000000000001,0.0011808239821718333
701.0,0.001181486270279455
701.2,0.0011811505619100623
701.4,0.0011800235817301186
701.6,0.001180690323769984
701.8000000000001,0.0011828611443042392
702.0,0.0011853538463484053
702.2,0.0011823668098290309
702.4,0.001183911381376953
702.6,0.001187994202865741
702.8000000000001,0.0011850279852333773
703.0,0.0011837268548347956
703.2,0.0011870420147575896
703.4,0.0011888788429325957
703.6,0.001188281871150803
703.8000000000001,0.0011914478991449412
704.0,0.001194215933853763
704.2,0.001192731240021934
704.4,0.0011950330486126513
704.6,0.0011942454552900596
704.8000000000001,0.0011880426022663649
705.0,0.0011859870840282393
705.2,0.0011891196432227006
705.4,0.001189066795050311
705.6,0.0011867416877282804
705.8000000000001,0.0011869565672791402
706.0,0.0011863611545332026
706.2,0.0011846972425868757
706.4,0.001185510790852586
706.6,0.0011860691822313078
706.8000000000001,0.0011837962930810932
707.0,0.00118530577478923
707.2,0.001186135263498598
707.4,0.001181417910252555
707.6,0.001182023555378214
707.8000000000001,0.0011847388360899972
708.0,0.0011840724451040335
708.2,0.0011811305437165103
708.4,0.001183200817111098
708.6,0.0011862475577631686
708.8000000000001,0.0011856707624830216
709.0,0.001186735269958919
709.2,0.0011882670899214624
709.4,0.0011872606572195178
709.6,0.001185753715692091
709.8000000000001,0.0011877107372513791
710.0,0.0011904774962813011
710.2,0.0011935629504551673
710.4,0.0011946488808801965
710.6,0.0011922040989198357
710.8000000000001,0.0011933146627596063
711.0,0.001198291974637411
711.2,0.0012002374206148683
711.4,0.0012004196280630732
711.6,0.00120253474207265
711.8000000000001,0.0012046261135255619
712.0,0.0012044695974620754
712.2,0.0012036586411938604
712.4,0.0012083211686279602
712.6,0.0012129261748531617
712.8000000000001,0.0012133794759144555
713.0,0.0012129113516252189
713.2,0.0012159533126882545
713.4,0.0012174328800831386
713.6,0.0012135042490451558
713.8000000000001,0.0012134216299531356
714.0,0.0012177762938620827
714.2,0.0012164430522934614
714.4,0.001210106498903787
714.6,0.0012140447448916402
714.8000000000001,0.0012176246319459147
715.0,0.001216414650547723
715.2,0.0012211696116046359
715.4,0.001223115625253568
715.6,0.0012186939670707766
715.8000000000001,0.0012175441717177783
716.0,0.0012190909160237726
716.2,0.0012187593302244086
716.4,0.0012197615535103597
716.6,0.0012210712173734675
716.8000000000001,0.0012187144701551675
717.0,0.00121571603487551
717.2,0.001217974753991158
717.4,0.0012194146287676725
717.6,0.001220112292793935
717.8000000000001,0.0012191683607105125
718.0,0.0012223579365091691
718.2,0.0012218299786286076
718.4,0.0012204838666365452
718.6,0.0012216466500527608
718.8000000000001,0.0012229665514269434
719.0,0.001225875019181025
719.2,0.0012259637173700582
719.4,0.0012255560275827105
719.6,0.0012272398086749649
719.8000000000001,0.0012284993128896372
720.0,0.001231887342678055
720.2,0.0012357639117463032
720.4,0.001237496029979656
720.6,0.001238531139897345
720.8000000000001,0.0012396111986907568
721.0,0.0012390764471916964
721.2,0.0012372490466710663
721.4,0.0012385419012090194
721.6,0.0012402244417201087
721.8000000000001,0.0012414779634733902
722.0,0.0012422745979543313
722.2,0.0012412418026359181
722.4,0.001240365367181044
722.6,0.0012413796428393227
722.8000000000001,0.0012425458970799718
723.0,0.0012440071716977282
723.2,0.0012488765899051628
723.4,0.0012529404056276926
723.6,0.0012538571139367918
723.8000000000001,0.0012550384035811858
724.0,0.001254395135338156
724.2,0.0012569321002531106
724.4,0.001257925058121412
724.6,0.0012584122638705194
724.8000000000001,0.001260099180384373
725.0,0.0012600875770089769
725.2,0.0012595873981200928
725.4,0.001260114382528644
725.6,0.001261760892386942
725.8000000000001,0.0012639514918435805
726.0,0.001265731216269318
726.2,0.0012662649213671696
726.4,0.0012682496296877958
726.6,0.001267678260742181
726.8000000000001,0.0012728935319615787
727.0,0.0012753754994961261
727.2,0.001275971631542358
727.4,0.0012797520378558665
727.6,0.0012808087587627976
727.8000000000001,0.001279293990603791
728.0,0.0012808893104401297
728.2,0.0012824035673893758
728.4,0.0012814308969664706
728.6,0.0012820324351205962
728.8000000000001,0.0012826356812090669
729.0,0.0012787750984557904
729.2,0.0012783541219168356
729.4,0.0012800753285268317
729.6,0.001280786829446476
729.8000000000001,0.0012817999429873034
730.0,0.0012810861428944973
730.2,0.0012824098922639639
730.4,0.0012848542736355827
730.6,0.0012872644370769794
730.8000000000001,0.0012867979053856145
731.0,0.0012874519317654179
731.2,0.0012882271509316312
731.4,0.0012898866674368055
731.6,0.001292467447217004
731.8000000000001,0.0012909030149410592
732.0,0.001288471819610597
732.2,0.0012929575571681885
732.4,0.0012948656045222344
732.6,0.0012949822241148901
732.8000000000001,0.001295676716314852
733.0,0.0012935067182179322
733.2,0.0012915349901494858
733.4,0.0012939436361944898
733.6,0.001295974148503862
733.8000000000001,0.001294879524350092
734.0,0.001297613430458342
734.2,0.0012991892706799696
734.4,0.0012968478241164752
734.6,0.0012943096303827848
734.8000000000001,0.0012932198577004473
735.0,0.0012926741342019381
735.2,0.0012945957094509214
735.4,0.0012981916181144413
735.6,0.0012958560023586332
735.8000000000001,0.001293957290927766
736.0,0.0012936431879600634
736.2,0.001294690814244801
736.4,0.001298370973101002
736.6,0.0013066521874735392
736.8000000000001,0.0013055047465437778
737.0,0.0013039574893654589
737.2,0.001308111992945324
737.4,0.0013077508757429214
737.6,0.0013089030302774788
737.8000000000001,0.0013118791374029737
738.0,0.0013119689416444295
738.2,0.0013118937155340666
738.4,0.001311921843810537
738.6,0.0013116635389570747
738.8000000000001,0.0013156014848732858
739.0,0.0013178969339666463
739.2,0.0013164205662992072
739.4,0.0013162147239640177
739.6,0.001316907436814855
739.8000000000001,0.0013161509473429106
740.0,0.0013172142947951392
740.2,0.001320923593195528
740.4,0.0013231222429098118
740.6,0.0013249129558077692
740.8000000000001,0.0013264616263700705
741.0,0.0013245370160088021
741.2,0.001322214138989788
741.4,0.001323278920508283
741.6,0.0013232536132581157
741.8000000000001,0.0013205881735957909
742.0,0.0013225390243281692
742.2,0.001325891339856937
742.4,0.0013247480046925156
742.6,0.001324298364042405
742.8000000000001,0.0013290570109374652
743.0,0.0013287958833282953
743.2,0.001327581859312738
743.4,0.0013326017429546343
743.6,0.0013317728426238684
743.8000000000001,0.0013285817616084624
744.0,0.0013269010281830758
744.2,0.0013263927786520315
744.4,0.0013244444532849356
744.6,0.0013222942165815467
744.8000000000001,0.0013276885092473054
745.0,0.0013318575669606716
745.2,0.001332146246661398
745.4,0.001331350004767917
745.6,0.0013326209877228973
745.8000000000001,0.0013311401458714668
746.0,0.0013350494779845444
746.2,0.001338481671935955
746.4,0.0013380934401076151
746.6,0.00133828113184181
746.8000000000001,0.001336165933177263
747.0,0.0013353354868956612
747.2,0.0013394343860424918
747.4,0.001341244168166242
747.6,0.0013397562230711166
747.8000000000001,0.0013429782803978454
748.0,0.001348388084396094
748.2,0.001347357536838032
748.4,0.0013489171581947393
748.6,0.0013527669054875892
748.8000000000001,0.0013541492712428813
749.0,0.0013535669857836661
749.2,0.0013527410884661938
749.4,0.001350604192540137
749.6,0.0013537491708407762
749.8000000000001,0.0013550938781700206
750.0,0.001351500268698961
750.2,0.0013500364382537991
750.4,0.001350089403857265
750.6,0.0013476268736057448
750.8000000000001,0.001350666330989837
751.0,0.0013572497865986645
751.2,0.0013593297421150923
751.4,0.001359719687281192
751.6,0.0013618319300698946
751.8000000000001,0.001359166483661962
752.0,0.00135836619876029
752.2,0.0013622873337166578
752.4,0.0013681328896753956
752.6,0.0013682604403643678
752.8000000000001,0.001367755043908878
753.0,0.0013696384487179
753.2,0.001372586573462321
753.4,0.0013763359235100278
753.6,0.0013803366437849106
753.8000000000001,0.0013831681166104743
754.0,0.0013804901484776857
754.2,0.0013790732167271121
754.4,0.0013804482987547963
754.6,0.0013801131257670583
754.8000000000001,0.0013830055409684672
755.0,0.0013891488586176795
755.2,0.001391405850565352
755.4,0.0013918155143941304
755.6,0.0013926718437150417
755.8000000000001,0.0013930034490115839
756.0,0.0013925911191081265
756.2,0.001392626397325455
756.4,0.0013962199205551718
756.6,0.0013964331131778858
756.8000000000001,0.0013910785469526928
757.0,0.0013916142729619165
757.2,0.001395067371354617
757.4,0.0013913719138417104
757.6,0.0013931201907766363
757.8000000000001,0.001395603051240304
758.0,0.0013935132103837188
758.2,0.0013955554115264012
758.4,0.001395290117547477
758.6,0.0013969189623236995
758.8000000000001,0.0013997804231285814
759.0,0.0013969414989877583
759.2,0.001396424528885362
759.4,0.0013962974609676756
759.6,0.0014014288982285407
759.8000000000001,0.0014028313973081879
760.0,0.0014075031969743097
760.2,0.0014127644539677746
760.4,0.0014094203137648335
760.6,0.0014090866331288546
760.8000000000001,0.0014133368579513647
761.0,0.0014165317948345582
761.2,0.0014230090845212709
761.4,0.0014253504211905884
761.6,0.0014254659432660444
761.8000000000001,0.0014255000518138873
762.0,0.0014287687576393568
762.2,0.0014335941849045572
762.4,0.001435263833699297
762.6,0.0014362733777165705
762.8000000000001,0.0014379148977883508
763.0,0.0014380870195065212
763.2,0.0014385918457725834
763.4,0.0014388776235632007
763.6,0.001440594618275837
763.8000000000001,0.001437829136992187
764.0,0.001437946270178871
764.2,0.001440369849255193
764.4,0.0014406102575394916
764.6,0.0014370250002418497
764.8000000000001,0.0014384244272439188
765.0,0.0014413686299896964
765.2,0.0014430842362981391
765.4,0.0014416844007254718
765.6,0.001438537103933346
765.8000000000001,0.0014371419215380946
766.0,0.0014344781173493378
766.2,0.001435033569636546
766.4,0.001440947509455236
766.6,0.001440936280018516
766.8000000000001,0.0014408450695694134
767.0,0.0014427471904562394
767.2,0.0014445046385839569
767.4,0.0014449882157658016
767.6,0.0014454196480363827
767.8000000000001,0.0014469404566979744
768.0,0.0014478809377667168
768.2,0.0014470733433552929
768.4,0.0014505407724559256
768.6,0.001456066287548074
768.8000000000001,0.0014570451144433007
769.0,0.0014570210265207194
769.2,0.0014605008872607063
769.4,0.0014637628899757007
769.6,0.0014644979437383634
769.8000000000001,0.0014642420464718998
770.0,0.00146429610781445
770.2,0.0014641979065421811
770.4,0.0014645201091550957
770.6,0.0014679537895893554
770.8000000000001,0.001469488477596038
771.0,0.0014665949423045912
771.2,0.0014657916264531907
771.4,0.0014659038418606664
771.6,0.0014680959665158806
771.8000000000001,0.0014703869685748728
772.0,0.0014729600005317681
772.2,0.0014733882784248775
772.4,0.0014721865507141892
772.6,0.0014745554472708228
772.8000000000001,0.0014736241337292718
773.0,0.0014745446973242005
773.2,0.0014798408066970603
773.4,0.0014791094118623408
773.6,0.0014771937185735296
773.8000000000001,0.0014808192504317688
774.0,0.0014820811179486857
774.2,0.0014813886796138092
774.4,0.00147987850115617
774.6,0.0014828344912362031
774.8000000000001,0.0014862215359826025
775.0,0.001482889863611203
775.2,0.001484298017454224
775.4,0.001490297546232739
775.6,0.0014878471817685807
775.8000000000001,0.0014840162687040975
776.0,0.00148721813923092
776.2,0.0014882828875544562
776.4,0.0014841866858743482
776.6,0.0014800288148878284
776.8000000000001,0.0014805555099909886
777.0,0.0014763772660770704
777.2,0.0014723298517162011
777.4,0.0014769007971745592
777.6,0.001479222381985638
777.8000000000001,0.0014740599506164562
778.0,0.001474045990038992
778.2,0.0014710061306017468
778.4,0.0014672877338250266
778.6,0.0014722362904697349
778.8000000000001,0.0014757689818049244
779.0,0.0014708384952018684
779.2,0.0014683112548297635
779.4,0.001468447173804658
779.6,0.001468286944031129
779.8000000000001,0.0014710383719499429
780.0,0.0014722891542810529
780.2,0.0014697236718752157
780.4,0.001469415140546636
780.6,0.0014673537048404933
780.8000000000001,0.0014683131904761786
781.0,0.001471224519008295
781.2,0.0014718919008455474
781.4,0.0014714132323103777
781.6,0.00147040277885423
781.8000000000001,0.0014703486148996896
782.0,0.0014711612923888437
782.2,0.001470571238698318
782.4,0.0014732542501269144
782.6,0.0014781535786309414
782.8000000000001,0.0014797271397740679
783.0,0.0014786260979971486
783.2,0.0014784538693292685
783.4,0.0014778475941215378
783.6,0.0014790142621260384
783.8000000000001,0.00148134572201167
784.0,0.001485738666782392
784.2,0.0014854554100318486
784.4,0.0014812040606402375
784.6,0.001478686456365972
784.8000000000001,0.0014801915567630372
785.0,0.0014818201903883984
785.2,0.0014834898646917294
785.4,0.0014830282236189443
785.6,0.0014804296758008492
785.8000000000001,0.001477513818857459
786.0,0.0014779656083764572
786.2,0.0014819190512377065
786.4,0.001483637925705216
786.6,0.0014802851680682943
786.8000000000001,0.0014809802380161738
787.0,0.0014819578117945074
787.2,0.001477898643601106
787.4,0.001475909594304811
787.6,0.0014744492614867418
787.8000000000001,0.0014683071150241448
788.0,0.0014659601403431031
788.2,0.0014666268629346473
788.4,0.001467066980868277
788.6,0.0014677114783053144
788.8000000000001,0.0014675002617028279
789.0,0.0014678647127541729
789.2,0.0014674052804640315
789.4,0.0014660825968467065
789.6,0.0014644171831782356
789.8000000000001,0.0014651110091412954
790.0,0.0014672691722587513
790.2,0.0014640259956432205
790.4,0.001462956005744342
790.6,0.001462187418904548
790.8000000000001,0.0014611757528823668
791.0,0.0014607399698649559
791.2,0.001462587806373682
791.4,0.001463505816499434
791.6,0.001464948236411907
791.8000000000001,0.0014639981389206757
792.0,0.0014601764674922143
792.2,0.0014529408939532814
792.4,0.0014529465979525218
792.6,0.00145230870061685
792.8000000000001,0.0014502654388524638
793.0,0.0014527712513969164
793.2,0.0014536200168054443
793.4,0.0014494792602756871
793.6,0.0014430199806473396
793.8000000000001,0.0014442270737863856
794.0,0.001445446424255588
794.2,0.0014464797789696556
794.4,0.0014505889793561553
794.6,0.0014502637603147313
794.8000000000001,0.00144690827287707
795.0,0.0014494670340506198
795.2,0.0014521449215120293
795.4,0.001453149005256723
795.6,0.0014542489237934972
795.8000000000001,0.0014526076414791563
796.0,0.0014483283150009928
796.2,0.001448320592815432
796.4,0.0014478297069982439
796.6,0.001447400191766321
796.8000000000001,0.0014475228357531322
797.0,0.0014481522555691725
797.2,0.0014486833561810077
797.4,0.0014455610494807298
797.6,0.0014433814738793213
797.8000000000001,0.0014470335649642242
798.0,0.001446333840228793
798.2,0.0014465441726667426
798.4,0.001449687721303658
798.6,0.001448391429877581
798.8000000000001,0.001446231507313371
799.0,0.001446153321951595
799.2,0.0014492548079618201
799.4,0.0014481182594326956
799.6,0.0014451966836599407
799.8000000000001,0.001445491657151287
800.0,0.0014443325587294776
800.2,0.0014385986515970135
800.4,0.001438499617307259
800.6,0.0014383582163908562
800.8000000000001,0.0014357288451421705
801.0,0.0014322853518554872
801.2,0.0014308414041532195
801.4,0.0014294265668394345
801.6,0.0014277756581947396
801.8000000000001,0.0014294803807938228
802.0,0.0014335587222230768
802.2,0.0014332230246886064
802.4,0.0014290548060709738
802.6,0.001429556161879053
802.8000000000001,0.0014280186274680134
803.0,0.001420975967680408
803.2,0.0014184308684617056
803.4,0.0014199879866638651
803.6,0.0014197871578868443
803.8000000000001,0.0014193317091093403
804.0,0.001421372725516901
804.2,0.0014236194162239922
804.4,0.0014204952795429028
804.6,0.0014199717152229962
804.8000000000001,0.001423182754216544
805.0,0.0014235355119033056
805.2,0.0014239196299111955
805.4,0.0014243346400823582
805.6,0.0014255102151727967
805.8000000000001,0.0014227856036955469
806.0,0.0014207561165679485
806.2,0.0014252923091130562
806.4,0.0014248175587020454
806.6,0.0014229863384143413
806.8000000000001,0.0014236648005030604
807.0,0.0014233610506908683
807.2,0.0014237321613774065
807.4,0.001423777843581032
807.6,0.0014238714436994025
807.8000000000001,0.0014218927200571852
808.0,0.0014162459077459186
808.2,0.0014147107424467794
808.4,0.0014128450626868573
808.6,0.0014096531897332325
808.8000000000001,0.0014133278147912523
809.0,0.0014148093810077069
809.2,0.00141054719905486
809.4,0.0014068076049229589
809.6,0.001404272333397721
809.8000000000001,0.001407094930758397
810.0,0.0014116882600998199
810.2,0.0014118703159358686
810.4,0.001409336272548262
810.6,0.0014051239788115052
810.8000000000001,0.0014009471678292195
811.0,0.001404074859756751
811.2,0.0014053905746873499
811.4,0.0014048079410915863
811.6,0.0014082069310095472
811.8000000000001,0.0014076965099240372
812.0,0.0014029824341940623
812.2,0.0014011685083793887
812.4,0.0014033447205393328
812.6,0.0014026714312099424
812.8000000000001,0.0014017087955517803
813.0,0.0014002294674101314
813.2,0.0013960979052579903
813.4,0.001394015419458018
813.6,0.0013921768890385957
813.8000000000001,0.001394411862657544
814.0,0.0013964250107084259
814.2,0.0013963071962607573
814.4,0.0013947432456413718
814.6,0.001392229117845192
814.8000000000001,0.0013925966074329347
815.0,0.0013932473587927048
815.2,0.0013937237599303386
815.4,0.001393625855008852
815.6,0.0013892616420875825
815.8000000000001,0.001390761520608791
816.0,0.0013946329379486851
816.2,0.0013967140615129912
816.4,0.0013966026794785557
816.6,0.001396383458138909
816.8000000000001,0.0013929220695487467
817.0,0.0013905641910678193
817.2,0.0013910095804474513
817.4,0.0013873384104553218
817.6,0.0013892658058269971
817.8000000000001,0.001390130691424267
818.0,0.001388925256471849
818.2,0.001388186523956713
818.4,0.0013862529992238152
818.6,0.001381139196973958
818.8000000000001,0.0013801237748732502
819.0,0.0013840895111327319
819.2,0.0013827334876961711
819.4,0.0013768225448725017
819.6,0.0013749342796744895
819.8000000000001,0.0013723097248456414
820.0,0.0013689397728834161
820.2,0.0013704292699255839
820.4,0.0013731901089329241
820.6,0.00136751798582188
820.8000000000001,0.0013643287567431232
821.0,0.001364044558288155
821.2,0.0013625972776806648
821.4,0.0013601858167866716
821.6,0.0013600348290417523
821.8000000000001,0.0013615756450602737
822.0,0.001364122188919645
822.2,0.0013648609337492206
822.4,0.0013641228429156062
822.6,0.001361279701934175
822.8000000000001,0.0013606574625024165
823.0,0.0013636604914382896
823.2,0.0013645465387056386
823.4,0.001364658526043597
823.6,0.0013653744250516004
823.8000000000001,0.001364257486601989
824.0,0.001364007791630618
824.2,0.0013663231067820353
824.4,0.0013642768835101684
824.6,0.001358322126179897
824.8000000000001,0.0013557264472266667
825.0,0.0013539590973852967
825.2,0.0013517051737707768
825.4,0.0013518023569074058
825.6,0.0013521303565992137
825.8000000000001,0.0013501531799252778
826.0,0.0013468610069012064
826.2,0.00134361938367001
826.4,0.0013401106007159239
826.6,0.0013384559519996416
826.8000000000001,0.0013337166204380427
827.0,0.0013306800050367246
827.2,0.0013292177983615689
827.4,0.0013244730654257265
827.6,0.0013202906285143385
827.8000000000001,0.0013186334164274425
828.0,0.0013187358165279816
828.2,0.0013174220681488465
828.4,0.0013156672364684574
828.6,0.0013125670740914501
828.8000000000001,0.0013073080034565546
829.0,0.0013070360641475004
829.2,0.0013073389457697916
829.4,0.001299025119881541
829.6,0.0012974419800492229
829.8000000000001,0.0013018755027302744
830.0,0.0013004288039793236
830.2,0.0012978758591907465
830.4,0.0012957366633953367
830.6,0.0012916940493953536
830.8000000000001,0.001287910915162879
831.0,0.0012889737474404408
831.2,0.0012882714558129804
831.4,0.0012873541353060783
831.6,0.0012864235328695613
831.8000000000001,0.0012830047039730321
832.0,0.0012788372053447908
832.2,0.0012772670546554574
832.4,0.001275118603222066
832.6,0.001273250200927166
832.8000000000001,0.0012688327731639898
833.0,0.001266327791908166
833.2,0.001263992346225123
833.4,0.0012614057471603255
833.6,0.0012585183288444642
833.8000000000001,0.0012583088231154504
834.0,0.001253078426560935
834.2,0.0012472672341004862
834.4,0.001244727665233048
834.6,0.0012472614188866527
834.8000000000001,0.0012439957264115988
835.0,0.0012424604236924658
835.2,0.0012435223699077049
835.4,0.001244707735755042
835.6,0.0012442063545850804
835.8000000000001,0.0012434138864090539
836.0,0.0012491393752555497
836.2,0.001249122764367535
836.4,0.0012436489849833386
836.6,0.0012452766524856105
836.8000000000001,0.001245046748237466
837.0,0.00124302144964665
837.2,0.0012458223315907845
837.4,0.0012486998639774714
837.6,0.001244838139755577
837.8000000000001,0.0012470299666420008
838.0,0.001248573579961048
838.2,0.00124569050816464
838.4,0.0012437604869542215
838.6,0.0012456706370333026
838.8000000000001,0.0012443942896969674
839.0,0.0012422716914446729
839.2,0.001242387666949385
839.4,0.0012386123008068968
839.6,0.0012388609457938595
839.8000000000001,0.0012404041815361573
840.0,0.0012382982888586508
840.2,0.0012391728061838996
840.4,0.0012376315168820045
840.6,0.0012364677009469637
840.8000000000001,0.0012396775329376118
841.0,0.0012421748479460933
841.2,0.0012422378929418968
841.4,0.001240094775452901
841.6,0.0012421228910151985
841.8000000000001,0.0012419618288193868
842.0,0.001241028604074431
842.2,0.001242040216736522
842.4,0.001242226838034929
842.6,0.001241590391458984
842.8000000000001,0.0012446647576271556
843.0,0.001247069701069387
843.2,0.001245792427132656
843.4,0.0012443768719136424
843.6,0.0012471990619377586
843.8000000000001,0.0012482156810314678
844.0,0.00124757260687582
844.2,0.0012485853232124876
844.4,0.0012500474424663181
844.6,0.0012497626245510153
844.8000000000001,0.0012478698830272847
845.0,0.0012514252004722577
845.2,0.0012565646184648103
845.4,0.001260271138212959
845.6,0.001262684511337222
845.8000000000001,0.0012612209140121177
846.0,0.0012602720921138894
846.2,0.0012612681616454976
846.4,0.0012645838830164528
846.6,0.001264606176729595
846.8000000000001,0.0012634337170141074
847.0,0.0012636677845085653
847.2,0.001261675492006668
847.4,0.0012596893514329485
847.6,0.0012647467397286817
847.8000000000001,0.0012658902415116878
848.0,0.0012597512387251327
848.2,0.0012591769552240224
848.4,0.001262989189068929
848.6,0.0012617819173548527
848.8000000000001,0.0012645619811123142
849.0,0.001266373354928209
849.2,0.0012639733890721164
849.4,0.0012628089011827407
849.6,0.0012624345825447904
849.8000000000001,0.001262631308650258
850.0,0.0012654324638144302
850.2,0.0012673539935517154
850.4,0.001269324339615033
850.6,0.0012697972664072758
850.8000000000001,0.0012726159229649533
851.0,0.0012753726595816427
851.2,0.0012775867536504296
851.4,0.0012755916922775358
851.6,0.001277751655786313
851.8000000000001,0.0012800787288935306
852.0,0.0012769267292999159
852.2,0.0012780094462379848
852.4,0.001282202935314405
852.6,0.0012856698519844497
852.8000000000001,0.00128598701487324
853.0,0.0012901403788469238
853.2,0.0012886032587777674
853.4,0.0012865777144429155
853.6,0.001289438355534149
853.8000000000001,0.0012874853354437482
854.0,0.0012862882759485134
854.2,0.0012891506774343993
854.4,0.0012880965682026651
854.6,0.0012846522807542426
854.8000000000001,0.0012844423675360942
855.0,0.0012832626009427871
855.2,0.0012839369573308618
855.4,0.001285029076900616
855.6,0.0012837314068296897
855.8000000000001,0.0012811292709178316
856.0,0.0012835303661471154
856.2,0.001285957898810858
856.4,0.0012886541176160623
856.6,0.0012897851614948473
856.8000000000001,0.0012880688397799392
857.0,0.0012907741044291092
857.2,0.0012929458833735748
857.4,0.0012916636116133576
857.6,0.001291333466872217
857.8000000000001,0.0012937709016106183
858.0,0.0012970354860737463
858.2,0.0012963490454642678
858.4,0.001295893918632525
858.6,0.0013013047790154002
858.8000000000001,0.0013035884114576388
859.0,0.0013022792087596985
859.2,0.0013053021202614956
859.4,0.0013069890136369043
859.6,0.001308107983734603
859.8000000000001,0.001310075589471041
860.0,0.0013133506788487233
860.2,0.0013142876346844163
860.4,0.0013170500043285574
860.6,0.0013219284894823342
860.8000000000001,0.0013238428906406502
861.0,0.0013289407462373547
861.2,0.0013328089523203031
861.4,0.0013339716658782293
861.6,0.0013338465084499393
861.8000000000001,0.0013341253108660343
862.0,0.0013351811572115135
862.2,0.0013343470277932738
862.4,0.0013358070592282111
862.6,0.0013351303725203083
862.8000000000001,0.0013351891442104605
863.0,0.0013364410158693612
863.2,0.0013346828920853407
863.4,0.0013338621043129707
863.6,0.0013335442928888188
863.8000000000001,0.0013315780859466868
864.0,0.0013320746167622074
864.2,0.0013381244090701968
864.4,0.0013354873739463043
864.6,0.0013303763519786603
864.8000000000001,0.0013324107701841554
865.0,0.0013327511650570666
865.2,0.0013348722539491807
865.4,0.0013395397123285757
865.6,0.0013420424180969064
865.8000000000001,0.0013443360238863523
866.0,0.0013472576054864127
866.2,0.0013467799960506963
866.4,0.0013455520083126087
866.6,0.001347495648101955
866.8000000000001,0.0013477417413399187
867.0,0.0013482311108706097
867.2,0.0013457555203895597
867.4,0.0013473870669994275
867.6,0.0013452888523051913
867.8000000000001,0.0013460317383504903
868.0,0.0013532538970843883
868.2,0.0013561094389440993
868.4,0.001357897391413818
868.6,0.0013593211199624195
868.8000000000001,0.0013604384028786287
869.0,0.0013630484164815768
869.2,0.001365090355397213
869.4,0.0013700506379575026
869.6,0.0013734787554973578
869.8000000000001,0.0013717660054760497
870.0,0.001373513015776265
870.2,0.0013772516689594075
870.4,0.0013800825916510644
870.6,0.0013794211785301026
870.8000000000001,0.0013804022852165838
871.0,0.0013786514266735557
871.2,0.001375488882316963
871.4,0.0013745564280613536
871.6,0.001374862931783901
871.8000000000001,0.0013779233838340779
872.0,0.0013768966600014305
872.2,0.0013738670181256604
872.4,0.0013735596237983152
872.6,0.0013767953318847327
872.8000000000001,0.0013799987735876407
873.0,0.001382042550679633
873.2,0.0013826677266608415
873.4,0.001383774904086585
873.6,0.0013872725253105144
873.8000000000001,0.001389550663398867
874.0,0.0013852054575825008
874.2,0.0013851894582578323
874.4,0.0013848943221688496
874.6,0.0013856031963006316
874.8000000000001,0.0013892791082028282
875.0,0.001393306969465434
875.2,0.0013961885121475683
875.4,0.001396621266241585
875.6,0.0013948480189064207
875.8000000000001,0.001397148768687939
876.0,0.0013953775155143753
876.2,0.0013918662406912047
876.4,0.001394153255539509
876.6,0.0013967557827794074
876.8000000000001,0.0013933447961867814
877.0,0.001391235486835129
877.2,0.0013945100344736692
877.4,0.001394252292580538
877.6,0.0013926801808220755
877.8000000000001,0.0013955024957986889
878.0,0.0013963756118835088
878.2,0.0013951258221902446
878.4,0.0013962342650950764
878.6,0.001398251594193174
878.8000000000001,0.0013953009929209457
879.0,0.0013955390818562823
879.2,0.0013961000117922874
879.4,0.0013939020129360889
879.6,0.0013927606243466183
879.8000000000001,0.001394626160298854
880.0,0.0013947810173059896
880.2,0.001389522116374217
880.4,0.0013924120597942264
880.6,0.0013961481444851884
880.8000000000001,0.0013892017142739413
881.0,0.0013876504562296658
881.2,0.0013889995073776667
881.4,0.0013844621725829468
881.6,0.0013846749547035552
881.8000000000001,0.001387554319539122
882.0,0.0013913646059404159
882.2,0.0013878679495115192
882.4,0.0013856195069075548
882.6,0.001386764573051028
882.8000000000001,0.001387116046190065
883.0,0.0013883162038235118
883.2,0.001389664506144034
883.4,0.00138509822879135
883.6,0.0013839291747237796
883.8000000000001,0.0013866267698237021
884.0,0.001384922602406883
884.2,0.0013863845291521345
884.4,0.0013879927338995724
884.6,0.0013859130602145644
884.8000000000001,0.0013847615663930598
885.0,0.0013851790222872628
885.2,0.0013843426172350276
885.4,0.0013845117409416452
885.6,0.001383267885155455
885.8000000000001,0.001383507216951691
886.0,0.0013831966338876337
886.2,0.0013825669400259564
886.4,0.0013822218262104498
886.6,0.0013861023334911147
886.8000000000001,0.001382957775713321
887.0,0.0013804009765723008
887.2,0.001383375904457892
887.4,0.0013811152317029958
887.6,0.001376540035753705
887.8000000000001,0.0013766094498440461
888.0,0.0013757224585622095
888.2,0.0013700864232949388
888.4,0.001366851259395514
888.6,0.0013665070616657611
888.8000000000001,0.0013628855106739633
889.0,0.001362156091921665
889.2,0.0013656031758073235
889.4,0.0013626693124254186
889.6,0.0013586557245479818
889.8000000000001,0.0013582327066328909
890.0,0.0013546125761378358
890.2,0.0013526480234009714
890.4,0.0013492249491094844
890.6,0.0013487202556974223
890.8000000000001,0.0013482183365362082
891.0,0.0013518950950887323
891.2,0.001351046254463861
891.4,0.00135044617777031
891.6,0.0013510077007381793
891.8000000000001,0.0013487052021498194
892.0,0.0013500246135083641
892.2,0.0013544620122229929
892.4,0.0013560265597066133
892.6,0.0013549009216693782
892.8000000000001,0.0013532576883522802
893.0,0.0013547063912230453
893.2,0.0013524229495830709
893.4,0.0013523852206540267
893.6,0.0013547110889709293
893.8000000000001,0.0013558521798406108
894.0,0.0013519559376404214
894.2,0.0013530165076940455
894.4,0.0013526006384851764
894.6,0.001353366434992816
894.8000000000001,0.0013542960619693117
895.0,0.0013575321210744574
895.2,0.0013602163821437281
895.4,0.0013618758558034333
895.6,0.0013643902086441456
895.8000000000001,0.0013664895408636176
896.0,0.0013661702141851534
896.2,0.0013697972274060721
896.4,0.0013706204424864352
896.6,0.0013718183227111904
896.8000000000001,0.0013745235518785462
897.0,0.001375389485856191
897.2,0.00137671120125766
897.4,0.001377985466495067
897.6,0.0013743449140457137
897.8000000000001,0.0013766875687368796
898.0,0.0013779522024996666
898.2,0.001379428458546409
898.4,0.0013814193871076398
898.6,0.0013857394439656162
898.8000000000001,0.0013846289146070903
899.0,0.0013858975813502113
899.2,0.001387848777361735
899.4,0.0013911906567137184
899.6,0.0013886057683009424
899.8000000000001,0.0013910513249736644
900.0,0.0013923753534221394
900.2,0.0013872215996835577
900.4,0.0013863239049351347
900.6,0.0013903499753894256
900.8000000000001,0.0013909475763774634
901.0,0.0013870049049965537
901.2,0.0013863042221719808
901.4,0.0013874833227642443
901.6,0.0013882655633766195
901.8000000000001,0.0013900799021573237
902.0,0.0013892313424775052
902.2,0.001390449554755415
902.4,0.0013933306255573589
902.6,0.0013926096940195998
902.8000000000001,0.001395969735281437
903.0,0.0013977771937374488
903.2,0.001391806702082358
903.4,0.0013917763448361915
903.6,0.001394429129174004
903.8000000000001,0.00139574537349901
904.0,0.0013978616503343634
904.2,0.0014027677087269776
904.4,0.001405273478761355
904.6,0.0014070419569968584
904.8000000000001,0.0014089375456496907
905.0,0.0014066411444569335
905.2,0.001403128110086
905.4,0.001402290991173283
905.6,0.0014016873824920651
905.8000000000001,0.0014011253915848173
906.0,0.0014018749221866164
906.2,0.0014025897327517962
906.4,0.001399948926277361
906.6,0.0013986192636885845
906.8000000000001,0.0014038682998179734
907.0,0.0014086154170967072
907.2,0.0014111854660118883
907.4,0.0014096524152377307
907.6,0.0014076936098650964
907.8000000000001,0.001408506005603582
908.0,0.0014056589428197439
908.2,0.0014020396085829229
908.4,0.0014058984661076972
908.6,0.0014086288620635322
908.8000000000001,0.001405328627860196
909.0,0.0014050730083905068
909.2,0.0014054882570332084
909.4,0.0014052013760368284
909.6,0.0014076326042835408
909.8000000000001,0.0014085469056752179
910.0,0.0014043925422258998
910.2,0.0014013237043867335
910.4,0.0014062310427940719
910.6,0.0014086073851448198
910.8000000000001,0.001407633438401138
911.0,0.0014078492607844176
911.2,0.0014049546429270394
911.4,0.0014022582530485875
911.6,0.001408355744660488
911.8000000000001,0.0014071853540510702
912.0,0.0014028562090337357
912.2,0.0014028736050752696
912.4,0.0014006222237462644
912.6,0.0013972904625724578
912.8000000000001,0.001400158126990535
913.0,0.0013970715933097925
913.2,0.0013947033295389343
913.4,0.0013889843895530368
913.6,0.0013856316007366846
913.8000000000001,0.0013895302772190983
914.0,0.0013915830060527929
914.2,0.0013909905874939115
914.4,0.0013862669336395096
914.6,0.0013817202737895443
914.8000000000001,0.0013809699381172956
915.0,0.0013815474926619485
915.2,0.001382048514101921
915.4,0.0013816134785520498
915.6,0.0013760057664769577
915.8000000000001,0.0013728567283869048
916.0,0.001372169110275867
916.2,0.0013681789784485308
916.4,0.001369370735561248
916.6,0.001368888716736805
916.8000000000001,0.0013659638688256143
917.0,0.0013587679495061277
917.2,0.0013590996232445362
917.4,0.0013605379070857782
917.6,0.0013621743543077737
917.8000000000001,0.0013619084357741076
918.0,0.0013638886759486238
918.2,0.0013621616328119734
918.4,0.0013576897614933161
918.6,0.0013583223900601224
918.8000000000001,0.0013600235051464775
919.0,0.001360815817442854
919.2,0.0013642792020218076
919.4,0.001366621915991951
919.6,0.0013667324040693997
919.8000000000001,0.0013683541044851061
920.0,0.0013683614293436804
920.2,0.0013672300966829462
920.4,0.0013664543100259975
920.6,0.001367861346424635
920.8000000000001,0.0013673626059391294
921.0,0.001365196481118471
921.2,0.0013686186507303874
921.4,0.0013690041015616088
921.6,0.0013648746297891814
921.8000000000001,0.0013675846822768407
922.0,0.0013695490377412182
922.2,0.0013650937164377793
922.4,0.0013650158039652366
922.6,0.0013650012707542092
922.8000000000001,0.0013620238498100361
923.0,0.0013615670657629755
923.2,0.0013627005150802934
923.4,0.0013672825280899351
923.6,0.0013644215649706586
923.8000000000001,0.0013624315806001306
924.0,0.0013638633525058063
924.2,0.0013623255382175623
924.4,0.0013591723993081136
924.6,0.0013598260936497633
924.8000000000001,0.001358520837015729
925.0,0.001356813750505632
925.2,0.0013573246025867256
925.4,0.0013560606062822333
925.6,0.0013536189150678932
925.8000000000001,0.0013528789284760626
926.0,0.001352649568682065
926.2,0.0013519201373182123
926.4,0.0013497015320087986
926.6,0.0013475594320507343
926.8000000000001,0.0013464299719948244
927.0,0.0013486603996281264
927.2,0.0013514239058894319
927.4,0.0013539699806081344
927.6,0.0013533162521821354
927.8000000000001,0.0013547965321534603
928.0,0.0013552812001347224
928.2,0.0013548669693684834
928.4,0.00135529877297407
928.6,0.0013568941879219386
928.8000000000001,0.001356610658510109
929.0,0.0013558097129339225
929.2,0.0013556630135934287
929.4,0.0013511717671782538
929.6,0.001350155881109668
929.8000000000001,0.0013525900212179329
930.0,0.00135144899236573
930.2,0.0013451343251967226
930.4,0.001343796158791928
930.6,0.0013458977378785913
930.8000000000001,0.0013434159565943178
931.0,0.0013398263818525386
931.2,0.0013395486667278948
931.4,0.0013404449766498193
931.6,0.001340076510604448
931.8000000000001,0.001340861224005339
932.0,0.0013411335773742328
932.2,0.0013419867506945158
932.4,0.0013414976621956242
932.6,0.0013425821846701537
932.8000000000001,0.0013457805194371604
933.0,0.0013477680576586513
933.2,0.0013459720692943111
933.4,0.0013417688052712725
933.6,0.001344721336712464
933.8000000000001,0.0013487818153308895
934.0,0.0013472963198670113
934.2,0.0013454095369857925
934.4,0.0013463648610778976
934.6,0.0013471510583234717
934.8000000000001,0.0013433242463009984
935.0,0.001343456910904085
935.2,0.0013459152112366593
935.4,0.0013455681328785043
935.6,0.0013467440356925212
935.8000000000001,0.0013534012454439314
936.0,0.001352048019136542
936.2,0.001349534330815256
936.4,0.0013473905545146568
936.6,0.0013492983452327476
936.8000000000001,0.0013506809284127255
937.0,0.0013555782051563026
937.2,0.0013575902913539658
937.4,0.0013536288604127438
937.6,0.001350031511370518
937.8000000000001,0.0013484516486995362
938.0,0.0013509143175933992
938.2,0.0013553579908131086
938.4,0.0013590591351733132
938.6,0.0013563275141991985
938.8000000000001,0.0013518735903080392
939.0,0.001350116416428202
939.2,0.001356348753994124
939.4,0.0013559658021123598
939.6,0.001354611606208197
939.8000000000001,0.0013549194047563125
940.0,0.0013529699934194857
940.2,0.001352178393584915
940.4,0.001355355842781178
940.6,0.001355013187284923
940.8000000000001,0.0013513314174423935
941.0,0.0013521364384260998
941.2,0.0013541862806572202
941.4,0.0013548949439650224
941.6,0.0013571532771695087
941.8000000000001,0.0013592590778267236
942.0,0.0013503079272027714
942.2,0.0013460983391847623
942.4,0.0013475002029307306
942.6,0.001344569885342367
942.8000000000001,0.0013473486972395575
943.0,0.0013487243127844192
943.2,0.001341318964833149
943.4,0.001337088115165516
943.6,0.0013394432139800922
943.8000000000001,0.0013391814549515305
944.0,0.0013406943944298763
944.2,0.0013427173167477931
944.4,0.0013402625171578398
944.6,0.0013368522156686454
944.8000000000001,0.0013384304686463965
945.0,0.001340397875240116
945.2,0.0013404846749258334
945.4,0.0013426676692863942
945.6,0.0013424757001782492
945.8000000000001,0.0013382623884434623
946.0,0.0013378336905477345
946.2,0.0013389310301829198
946.4,0.0013382189695835033
946.6,0.0013352653980278093
946.8000000000001,0.0013329113661137877
947.0,0.0013298871394474658
947.2,0.0013299414437157769
947.4,0.0013351117414588164
947.6,0.001337882520781408
947.8000000000001,0.0013411768056451612
948.0,0.0013405886038445054
948.2,0.0013416636031676863
948.4,0.001344886501998253
948.6,0.0013497625895856997
948.8000000000001,0.0013516004366515206
949.0,0.0013562070633431514
949.2,0.0013548607301468992
949.4,0.0013582598116649123
949.6,0.001359980904328644
949.8000000000001,0.0013580039021907715
950.0,0.0013592770587594648
950.2,0.0013622742778637812
950.4,0.001360693788761361
950.6,0.001361105048280154
950.8000000000001,0.001364321009865888
951.0,0.0013632928452902995
951.2,0.0013587393936912867
951.4,0.0013582886824056195
951.6,0.0013577218502470391
951.8000000000001,0.0013557615590731697
952.0,0.0013605766428412107
952.2,0.0013649235270048253
952.4,0.001359103772478279
952.6,0.0013562233952369948
952.8000000000001,0.001360589871659013
953.0,0.0013576978736686886
953.2,0.0013556479101563706
953.4,0.0013633599566976614
953.6,0.0013610511727980897
953.8000000000001,0.0013517132131735288
954.0,0.0013558996254687294
954.2,0.0013572096214066228
954.4,0.0013488272648508094
954.6,0.0013527740859107943
954.8000000000001,0.0013535585111401416
955.0,0.001344402222404144
955.2,0.0013447452096223165
955.4,0.0013467163460012734
955.6,0.0013398033409288907
955.8000000000001,0.001338964998944113
956.0,0.0013465377708546597
956.2,0.0013424892497847232
956.4,0.001333576702094049
956.6,0.001336253152718128
956.8000000000001,0.0013367494077009385
957.0,0.001333457159996859
957.2,0.0013366922792094262
957.4,0.0013388943633749206
957.6,0.0013371122952147698
957.8000000000001,0.001334433380070444
958.0,0.0013337320936481916
958.2,0.001332752006401313
958.4,0.0013322060161974295
958.6,0.001333604451810154
958.8000000000001,0.0013332021249248351
959.0,0.001332521369275253
959.2,0.0013309525489537486
959.4,0.001328717667401446
959.6,0.0013301898212310353
959.8000000000001,0.0013287919391251845
960.0,0.0013246419770401334
960.2,0.0013276011489226555
960.4,0.0013268359151389097
960.6,0.001320486513944993
960.8000000000001,0.0013194129124800564
961.0,0.0013215982275746427
961.2,0.001317715083319995
961.4,0.0013136204361454615
961.6,0.0013114442322623668
961.8000000000001,0.0013069683846009545
962.0,0.0013078434337127345
962.2,0.0013123279202789226
962.4,0.001308521241551369
962.6,0.0013053179713233142
962.8000000000001,0.0013026174172503767
963.0,0.0012996509061827478
963.2,0.0012969332742095272
963.4,0.0012985705476017283
963.6,0.0013039734476969645
963.8000000000001,0.0013041037943969107
964.0,0.001301897816312926
964.2,0.0013090221798751486
964.4,0.001309611791842871
964.6,0.0013036057135225594
964.8000000000001,0.001304059114473428
965.0,0.0013069778443830131
965.2,0.0013009243428483983
965.4,0.0013007717878771455
965.6,0.0013019903522937682
965.8000000000001,0.0012986992049878426
966.0,0.0012931698005003776
966.2,0.0012960772173655694
966.4,0.0012967428662535047
966.6,0.001290841215782959
966.8000000000001,0.0012896220560736547
967.0,0.001291283619224692
967.2,0.0012904370937476452
967.4,0.0012911129367120097
967.6,0.0012924680934869757
967.8000000000001,0.0012929921019052958
968.0,0.0012899739670839282
968.2,0.0012925452250216844
968.4,0.0012953246863205892
968.6,0.0012950023508743387
968.8000000000001,0.00129283611201727
969.0,0.0012912540287449792
969.2,0.0012913004328684837
969.4,0.0012910816451660151
969.6,0.001290089785296271
969.8000000000001,0.001292094522885679
970.0,0.0012915921981513406
970.2,0.0012879315439499807
970.4,0.0012860279280486582
970.6,0.0012872657836618525
970.8000000000001,0.0012881782438458032
971.0,0.0012857819453577929
971.2,0.0012839764474167554
971.4,0.0012843972364928282
971.6,0.0012863471374798382
971.8000000000001,0.0012855571513223734
972.0,0.0012849776482431728
972.2,0.0012878587396099844
972.4,0.0012838063346150288
972.6,0.0012819662104425662
972.8000000000001,0.0012815321830721258
973.0,0.0012797821307072013
973.2,0.0012768959127943153
973.4,0.0012759321326485014
973.6,0.0012780193613541602
973.8000000000001,0.0012787648112596497
974.0,0.0012821750552875196
974.2,0.001284640384276142
974.4,0.0012862642151310537
974.6,0.0012862306655165644
974.8000000000001,0.0012877893663548196
975.0,0.0012871538540672543
975.2,0.0012868332821398452
975.4,0.0012861019357588302
975.6,0.0012858315192151033
975.8000000000001,0.0012869470240947176
976.0,0.0012885540551317686
976.2,0.0012871201414391229
976.4,0.0012838706860222805
976.6,0.0012837002545872142
976.8000000000001,0.0012839509767134422
977.0,0.0012843584654017846
977.2,0.0012850610816042235
977.4,0.0012896080207970553
977.6,0.0012903266335383176
977.8000000000001,0.0012905764671163162
978.0,0.0012939548835577779
978.2,0.0012971597283910543
978.4,0.0012980697264643073
978.6,0.0012990011492715634
978.8000000000001,0.001301542829695392
979.0,0.0013027251564551564
979.2,0.0013048966157248921
979.4,0.0013062759670839524
979.6,0.0013071655839215544
979.8000000000001,0.0013046873895707623
980.0,0.0013037464506526143
980.2,0.0013060265917841506
980.4,0.00130830017436113
980.6,0.0013107524231907993
980.8000000000001,0.001314862925051895
981.0,0.0013164055974166987
981.2,0.001312850860052736
981.4,0.001308337702124295
981.6,0.0013115751156905103
981.8000000000001,0.0013142278519466283
982.0,0.0013172138846350358
982.2,0.0013250933115242125
982.4,0.0013235235178010113
982.6,0.001320762224642954
982.8000000000001,0.0013262347167817038
983.0,0.001330945203968086
983.2,0.0013300225169908426
983.4,0.0013299649767479812
983.6,0.0013307074414696837
983.8000000000001,0.0013280679411431131
984.0,0.001330328482411851
984.2,0.001334019576984302
984.4,0.0013326227486171978
984.6,0.001332747247755225
984.8000000000001,0.001337177126810611
985.0,0.0013357951283370236
985.2,0.00134123872592354
985.4,0.001345560214992196
985.6,0.001343393294107424
985.8000000000001,0.001345573556304316
986.0,0.0013501861826484885
986.2,0.0013532716231146613
986.4,0.0013517427302421625
986.6,0.001354171214032678
986.8000000000001,0.0013563258613818387
987.0,0.0013578285686125357
987.2,0.0013579966881564225
987.4,0.0013567916309044814
987.6,0.0013581261996687718
987.8000000000001,0.001357686593072505
988.0,0.0013596779250743508
988.2,0.0013650841737951804
988.4,0.0013694259131894631
988.6,0.0013730040918964175
988.8000000000001,0.0013752596357984393
989.0,0.0013727145606990793
989.2,0.0013707345361318834
989.4,0.0013723543468838314
989.6,0.0013746444409217645
989.8000000000001,0.0013797359691755766
990.0,0.0013786824571771447
990.2,0.0013790816377149788
990.4,0.001380559527248058
990.6,0.001381175773849495
990.8000000000001,0.0013836471830564617
991.0,0.001389396753563954
991.2,0.001390539870760603
991.4,0.001388783236304636
991.6,0.001387725454357935
991.8000000000001,0.0013864816114243362
992.0,0.0013895108711558973
992.2,0.0013964634546649922
992.4,0.0014023587486984876
992.6,0.001401312806366062
992.8000000000001,0.0014044067019930583
993.0,0.001409387447232421
993.2,0.001408720647756485
993.4,0.0014127162350670353
993.6,0.0014179418051700739
993.8000000000001,0.0014204357077711417
994.0,0.0014159758137416263
994.2,0.001417607059748668
994.4,0.0014229096525279642
994.6,0.0014228312152325595
994.8000000000001,0.0014258283838530616
995.0,0.0014276316905427811
995.2,0.001424456855196745
995.4,0.0014242217737145133
995.6,0.0014253667885022186
995.8000000000001,0.0014235255539896264
996.0,0.0014225158368127476
996.2,0.0014269188748589421
996.4,0.0014295164901079775
996.6,0.0014280483242314318
996.8000000000001,0.001426113492024128
997.0,0.001425486873425233
997.2,0.0014262251188638041
997.4,0.0014261559705928911
997.6,0.0014291127311240868
997.8000000000001,0.001432603963270675
998.0,0.001432645076356926
998.2,0.001429746697657218
998.4,0.0014279206614656802
998.6,0.0014248119147537272
998.8000000000001,0.0014278627256437487
999.0,0.0014299189863890053
999.2,0.0014215379370647718
999.4,0.00141605569818214
999.6,0.0014165261612044387
999.8000000000001,0.0014165093099770684
